NAME: INS04
TYPE: SYNTHETIC
DIMENSION: 120 18
RIDGES: 25
DEPOTS: 2
CROPS: 3085
TASKS: 617

NODE_COORD_SECTION
1	40.00	0.00	0.0	0
2	80.00	0.00	0.0	0
3	65.22	1.78	0.34	1
4	38.26	0.92	0.7	1
5	47.48	3.39	0.31	1
6	67.40	12.47	0.56	1
7	63.85	7.82	0.46	1
8	46.48	15.15	0.48	1
9	26.32	13.22	0.47	1
10	90.90	7.55	0.74	1
11	35.68	8.47	0.25	1
12	11.19	0.83	0.67	1
13	13.39	3.37	0.7	1
14	60.50	15.28	0.77	1
15	28.28	16.83	0.47	1
16	114.59	17.26	0.5	1
17	100.51	6.55	0.78	1
18	8.72	10.24	0.48	1
19	67.04	15.30	0.5	1
20	119.52	9.15	0.4	1
21	41.42	3.35	0.22	1
22	0.58	9.16	0.46	1
23	66.66	14.85	0.59	1
24	60.55	16.50	0.61	1
25	75.37	15.13	0.2	1
26	17.80	15.40	0.68	1
27	81.02	3.06	0.5	1
28	22.77	16.68	0.51	1
29	3.87	8.33	0.78	1
30	37.62	11.97	0.37	1
31	100.76	6.49	0.66	1
32	51.23	17.67	0.54	1
33	94.07	16.15	0.62	1
34	52.65	4.21	0.45	1
35	49.42	12.89	0.37	1
36	13.13	4.87	0.53	1
37	5.60	7.78	0.42	1
38	99.29	0.44	0.33	1
39	81.04	16.78	0.7	1
40	28.43	12.49	0.49	1
41	117.01	17.32	0.71	1
42	28.19	1.81	0.48	1
43	17.79	12.64	0.53	1
44	87.09	12.14	0.8	1
45	40.33	3.06	0.77	1
46	69.69	8.71	0.36	1
47	87.46	7.94	0.72	1
48	40.64	5.28	0.43	1
49	25.38	4.78	0.24	1
50	11.38	6.24	0.55	1
51	4.39	3.36	0.79	1
52	89.61	5.86	0.78	1
53	80.19	12.90	0.28	1
54	69.74	17.26	0.66	1
55	2.57	13.30	0.68	1
56	115.05	15.52	0.42	1
57	20.15	5.88	0.6	1
58	20.69	10.82	0.49	1
59	85.46	5.71	0.34	1
60	64.74	12.44	0.66	1
61	50.56	15.37	0.36	1
62	92.59	1.16	0.4	1
63	74.54	4.24	0.31	1
64	66.90	17.22	0.63	1
65	105.49	7.28	0.48	1
66	34.98	4.22	0.47	1
67	63.90	2.06	0.56	1
68	65.91	0.02	0.29	1
69	38.86	3.96	0.74	1
70	116.55	13.09	0.48	1
71	41.96	1.67	0.42	1
72	62.02	3.84	0.28	1
73	64.37	15.04	0.3	1
74	73.90	11.41	0.75	1
75	64.92	16.69	0.47	1
76	111.83	9.23	0.63	1
77	36.69	8.27	0.25	1
78	22.39	11.45	0.59	1
79	60.01	1.86	0.75	1
80	23.72	8.63	0.38	1
81	106.51	10.20	0.55	1
82	81.78	6.10	0.76	1
83	68.57	8.05	0.63	1
84	79.10	0.91	0.24	1
85	59.20	5.33	0.43	1
86	39.14	17.30	0.25	1
87	21.92	5.60	0.72	1
88	61.19	15.53	0.57	1
89	50.00	13.39	0.77	1
90	102.76	5.58	0.21	1
91	47.13	6.42	0.45	1
92	99.94	0.80	0.26	1
93	37.01	12.23	0.41	1
94	67.85	7.85	0.3	1
95	64.79	3.56	0.4	1
96	51.69	9.03	0.69	1
97	108.14	4.70	0.3	1
98	104.14	11.60	0.48	1
99	2.44	13.04	0.75	1
100	4.27	17.95	0.8	1
101	104.72	5.35	0.35	1
102	30.89	6.87	0.76	1
103	42.74	6.70	0.36	1
104	38.19	11.18	0.45	1
105	19.71	15.23	0.73	1
106	97.49	8.58	0.67	1
107	102.33	4.45	0.71	1
108	2.11	11.15	0.68	1
109	54.95	10.21	0.34	1
110	107.92	17.46	0.54	1
111	76.13	13.75	0.43	1
112	10.06	2.89	0.48	1
113	87.98	7.76	0.29	1
114	53.52	5.55	0.39	1
115	72.88	3.33	0.71	1
116	75.23	3.13	0.74	1
117	7.66	5.95	0.57	1
118	27.74	16.00	0.5	1
119	6.59	3.18	0.63	1
120	65.85	8.66	0.57	1
121	5.50	0.13	0.79	1
122	118.57	11.86	0.31	1
123	43.85	8.47	0.47	1
124	31.99	6.21	0.75	1
125	77.89	15.89	0.75	1
126	22.10	15.13	0.5	1
127	14.59	3.87	0.28	1
128	4.46	2.53	0.69	1
129	110.08	8.27	0.55	1
130	9.32	17.28	0.66	1
131	105.48	13.58	0.48	1
132	112.02	3.96	0.32	1
133	100.36	12.42	0.21	1
134	104.37	14.34	0.54	1
135	41.58	13.94	0.3	1
136	31.49	5.91	0.31	1
137	12.95	16.83	0.46	1
138	34.92	9.37	0.47	1
139	46.96	17.28	0.36	1
140	40.21	14.01	0.28	1
141	102.65	7.84	0.77	1
142	45.38	13.46	0.28	1
143	109.55	13.59	0.41	1
144	27.26	15.99	0.38	1
145	46.51	10.37	0.72	1
146	99.77	3.39	0.45	1
147	94.14	10.73	0.27	1
148	107.20	3.10	0.21	1
149	50.48	14.99	0.63	1
150	2.31	2.02	0.63	1
151	118.87	5.05	0.45	1
152	117.07	3.29	0.28	1
153	43.33	13.55	0.42	1
154	78.93	10.46	0.55	1
155	63.59	15.18	0.62	1
156	28.19	7.96	0.25	1
157	18.65	10.73	0.53	1
158	30.07	6.01	0.37	1
159	56.55	0.48	0.57	1
160	11.03	12.35	0.59	1
161	51.48	15.57	0.75	1
162	83.36	0.15	0.45	1
163	74.01	1.69	0.52	1
164	93.71	17.85	0.36	1
165	63.74	12.29	0.37	1
166	28.48	7.88	0.23	1
167	102.73	3.01	0.37	1
168	31.86	8.02	0.24	1
169	85.47	6.77	0.78	1
170	111.33	1.70	0.57	1
171	44.50	12.76	0.3	1
172	27.12	11.82	0.27	1
173	19.71	1.01	0.42	1
174	14.52	16.74	0.38	1
175	66.21	14.33	0.37	1
176	39.92	10.67	0.48	1
177	59.39	17.02	0.75	1
178	89.71	13.15	0.54	1
179	5.56	9.89	0.51	1
180	56.04	16.70	0.68	1
181	30.88	4.86	0.2	1
182	49.36	4.38	0.32	1
183	15.50	15.43	0.5	1
184	66.99	15.50	0.62	1
185	99.74	5.08	0.49	1
186	65.73	1.50	0.3	1
187	109.83	7.28	0.76	1
188	47.24	5.45	0.4	1
189	55.28	4.53	0.67	1
190	44.98	14.40	0.73	1
191	100.11	5.48	0.41	1
192	56.28	15.73	0.71	1
193	6.32	16.00	0.63	1
194	26.30	12.21	0.74	1
195	69.91	9.95	0.35	1
196	103.12	1.83	0.76	1
197	41.64	9.69	0.24	1
198	97.35	3.90	0.68	1
199	96.35	7.19	0.46	1
200	22.67	13.66	0.31	1
201	10.91	9.27	0.25	1
202	7.67	6.42	0.43	1
203	72.13	10.01	0.43	1
204	48.56	7.72	0.34	1
205	27.21	8.21	0.33	1
206	114.39	15.31	0.44	1
207	17.43	0.54	0.45	1
208	112.02	9.48	0.47	1
209	64.54	14.05	0.72	1
210	37.76	8.67	0.57	1
211	116.24	12.10	0.21	1
212	18.45	2.40	0.51	1
213	24.51	13.80	0.66	1
214	35.45	0.38	0.23	1
215	113.30	3.05	0.45	1
216	1.15	4.27	0.47	1
217	28.20	7.60	0.77	1
218	110.45	15.83	0.49	1
219	54.83	7.40	0.65	1
220	66.60	4.38	0.38	1
221	6.26	16.91	0.67	1
222	22.40	3.57	0.39	1
223	56.70	8.85	0.46	1
224	2.21	2.66	0.49	1
225	45.38	12.31	0.76	1
226	27.41	7.61	0.23	1
227	66.88	15.99	0.32	1
228	39.13	2.40	0.62	1
229	58.71	13.44	0.55	1
230	13.18	7.64	0.35	1
231	2.13	0.60	0.37	1
232	57.95	5.37	0.42	1
233	101.41	10.84	0.47	1
234	54.47	7.34	0.69	1
235	59.67	0.73	0.21	1
236	107.14	17.97	0.74	1
237	21.78	2.17	0.45	1
238	17.23	11.90	0.34	1
239	79.37	15.26	0.51	1
240	90.22	8.09	0.6	1
241	73.54	12.39	0.23	1
242	61.53	8.56	0.63	1
243	77.41	10.03	0.66	1
244	77.27	11.03	0.3	1
245	86.30	11.57	0.3	1
246	62.37	12.27	0.32	1
247	53.94	4.35	0.68	1
248	0.17	10.08	0.36	1
249	70.88	17.50	0.68	1
250	43.38	7.09	0.52	1
251	24.22	1.27	0.66	1
252	92.74	4.49	0.53	1
253	73.07	12.38	0.4	1
254	56.55	15.77	0.75	1
255	53.26	5.13	0.63	1
256	107.52	15.51	0.49	1
257	19.68	0.47	0.58	1
258	10.80	5.16	0.57	1
259	116.67	10.05	0.41	1
260	44.79	16.00	0.45	1
261	54.38	5.67	0.39	1
262	112.95	15.29	0.8	1
263	101.24	9.22	0.55	1
264	94.73	3.23	0.26	1
265	68.79	17.71	0.51	1
266	34.92	14.30	0.23	1
267	58.86	0.72	0.37	1
268	91.56	3.03	0.47	1
269	75.78	1.54	0.52	1
270	113.62	5.25	0.79	1
271	27.18	2.32	0.79	1
272	113.52	12.81	0.26	1
273	89.00	8.99	0.52	1
274	56.97	1.98	0.69	1
275	67.18	4.44	0.34	1
276	117.26	14.34	0.65	1
277	49.56	2.72	0.73	1
278	94.24	2.20	0.6	1
279	22.72	3.81	0.4	1
280	66.83	14.17	0.75	1
281	37.72	1.52	0.73	1
282	55.74	13.47	0.63	1
283	26.60	3.96	0.42	1
284	113.67	17.17	0.68	1
285	118.86	14.54	0.39	1
286	22.58	3.82	0.35	1
287	40.83	5.73	0.51	1
288	114.78	14.20	0.8	1
289	86.88	3.35	0.68	1
290	109.14	14.90	0.64	1
291	19.64	15.68	0.47	1
292	32.67	1.46	0.39	1
293	78.82	11.77	0.71	1
294	11.39	5.74	0.54	1
295	119.14	12.21	0.69	1
296	87.61	3.83	0.49	1
297	9.45	4.98	0.65	1
298	29.87	4.22	0.72	1
299	23.13	10.35	0.43	1
300	39.37	14.77	0.21	1
301	22.07	8.36	0.35	1
302	1.64	8.67	0.75	1
303	6.70	17.60	0.61	1
304	94.87	8.82	0.64	1
305	10.39	10.66	0.4	1
306	91.05	3.43	0.62	1
307	68.19	14.66	0.59	1
308	92.19	14.45	0.31	1
309	105.52	16.88	0.78	1
310	48.66	10.24	0.41	1
311	94.88	12.55	0.4	1
312	119.46	0.25	0.42	1
313	42.62	5.06	0.26	1
314	31.48	4.01	0.57	1
315	85.09	1.53	0.34	1
316	88.99	12.48	0.68	1
317	30.10	4.55	0.44	1
318	75.46	13.72	0.48	1
319	105.18	15.34	0.59	1
320	115.79	10.46	0.66	1
321	109.04	14.55	0.34	1
322	107.36	0.21	0.78	1
323	115.91	8.52	0.57	1
324	95.78	2.29	0.2	1
325	47.51	4.89	0.45	1
326	35.00	2.22	0.46	1
327	96.69	0.17	0.69	1
328	37.50	3.14	0.38	1
329	70.68	4.58	0.4	1
330	31.08	8.79	0.24	1
331	78.32	2.18	0.37	1
332	21.06	4.45	0.63	1
333	116.85	7.15	0.58	1
334	71.88	4.35	0.25	1
335	58.86	1.33	0.27	1
336	4.17	8.44	0.43	1
337	47.84	2.46	0.65	1
338	82.51	17.87	0.7	1
339	47.48	11.24	0.21	1
340	115.56	14.97	0.4	1
341	55.63	13.27	0.45	1
342	15.38	9.22	0.75	1
343	33.49	2.90	0.5	1
344	51.15	2.36	0.36	1
345	83.88	8.21	0.43	1
346	63.74	2.63	0.46	1
347	16.77	10.50	0.6	1
348	118.20	1.73	0.22	1
349	34.29	15.65	0.43	1
350	8.67	15.77	0.59	1
351	62.91	7.35	0.37	1
352	37.16	5.35	0.56	1
353	36.70	15.93	0.41	1
354	86.86	12.06	0.66	1
355	95.85	4.63	0.24	1
356	74.17	8.28	0.75	1
357	93.89	5.57	0.3	1
358	77.18	15.88	0.3	1
359	48.26	1.20	0.7	1
360	61.93	6.23	0.72	1
361	80.67	17.12	0.26	1
362	58.27	8.39	0.75	1
363	78.55	1.86	0.36	1
364	30.42	16.54	0.57	1
365	80.39	0.24	0.24	1
366	24.56	12.29	0.43	1
367	91.73	15.12	0.47	1
368	35.06	16.76	0.56	1
369	66.35	12.54	0.52	1
370	71.61	2.21	0.48	1
371	115.57	2.21	0.78	1
372	30.59	14.65	0.31	1
373	74.23	15.09	0.29	1
374	61.89	6.79	0.63	1
375	110.62	0.65	0.24	1
376	102.74	4.15	0.49	1
377	101.85	2.51	0.49	1
378	69.63	15.99	0.39	1
379	56.82	13.44	0.76	1
380	96.56	13.26	0.37	1
381	111.04	8.04	0.37	1
382	20.78	0.86	0.34	1
383	29.58	2.58	0.29	1
384	66.95	3.33	0.42	1
385	4.67	0.65	0.61	1
386	99.79	10.65	0.65	1
387	42.97	16.10	0.69	1
388	8.42	17.65	0.32	1
389	73.96	3.30	0.22	1
390	81.49	13.74	0.78	1
391	51.52	15.51	0.21	1
392	18.09	5.02	0.78	1
393	11.22	3.80	0.7	1
394	28.65	16.52	0.75	1
395	9.37	7.69	0.43	1
396	63.89	16.18	0.32	1
397	119.72	13.56	0.56	1
398	116.49	14.17	0.64	1
399	115.58	12.73	0.28	1
400	9.57	7.23	0.68	1
401	77.59	6.31	0.33	1
402	32.81	10.39	0.5	1
403	112.02	0.63	0.71	1
404	92.31	13.01	0.32	1
405	115.67	16.75	0.35	1
406	91.47	9.37	0.24	1
407	24.51	9.81	0.29	1
408	91.84	16.12	0.29	1
409	94.77	3.51	0.32	1
410	71.96	5.98	0.37	1
411	1.10	3.60	0.69	1
412	13.59	15.17	0.75	1
413	31.02	5.12	0.44	1
414	115.19	6.82	0.28	1
415	1.15	5.11	0.33	1
416	14.32	1.85	0.64	1
417	9.30	10.68	0.61	1
418	22.72	6.50	0.78	1
419	103.44	7.64	0.21	1
420	109.88	8.96	0.65	1
421	47.86	13.51	0.5	1
422	8.78	1.61	0.74	1
423	78.24	8.76	0.55	1
424	94.85	16.49	0.47	1
425	46.60	10.74	0.6	1
426	60.08	17.67	0.7	1
427	99.73	16.41	0.37	1
428	30.52	13.91	0.26	1
429	31.86	3.76	0.46	1
430	113.31	0.35	0.33	1
431	115.85	2.69	0.46	1
432	98.33	4.97	0.79	1
433	42.08	3.90	0.54	1
434	70.26	6.27	0.62	1
435	78.89	0.28	0.61	1
436	7.72	1.79	0.69	1
437	50.28	14.67	0.77	1
438	106.58	4.41	0.6	1
439	68.92	13.83	0.49	1
440	34.66	7.36	0.39	1
441	62.88	2.43	0.42	1
442	3.12	2.75	0.4	1
443	75.22	1.33	0.39	1
444	22.76	6.08	0.62	1
445	9.34	3.45	0.55	1
446	109.35	0.35	0.32	1
447	78.41	6.92	0.78	1
448	80.72	10.60	0.46	1
449	26.82	15.25	0.54	1
450	59.03	14.81	0.62	1
451	48.72	17.72	0.57	1
452	92.46	17.39	0.39	1
453	61.72	8.53	0.68	1
454	90.65	15.85	0.27	1
455	115.70	5.84	0.54	1
456	95.84	3.79	0.36	1
457	65.47	3.24	0.57	1
458	41.69	16.76	0.33	1
459	17.53	11.38	0.66	1
460	71.15	2.17	0.34	1
461	39.12	10.13	0.73	1
462	22.46	14.41	0.72	1
463	116.66	3.87	0.42	1
464	22.43	8.19	0.43	1
465	89.73	5.07	0.62	1
466	2.39	9.74	0.25	1
467	114.79	7.04	0.25	1
468	50.42	17.44	0.28	1
469	83.35	12.95	0.54	1
470	67.52	17.54	0.29	1
471	82.66	16.11	0.37	1
472	83.93	13.23	0.59	1
473	34.85	5.46	0.21	1
474	93.96	5.34	0.31	1
475	67.53	4.49	0.76	1
476	98.04	1.99	0.6	1
477	99.53	10.85	0.38	1
478	22.43	9.76	0.23	1
479	33.90	5.82	0.55	1
480	42.18	1.14	0.33	1
481	118.32	0.57	0.78	1
482	79.50	6.68	0.61	1
483	77.52	6.41	0.78	1
484	80.85	13.13	0.71	1
485	82.87	2.05	0.49	1
486	78.83	5.04	0.6	1
487	3.46	7.47	0.69	1
488	52.03	8.41	0.55	1
489	84.58	5.56	0.24	1
490	37.83	1.09	0.48	1
491	82.42	10.22	0.28	1
492	41.93	12.69	0.63	1
493	64.48	8.45	0.61	1
494	61.36	11.45	0.8	1
495	79.20	5.20	0.58	1
496	16.89	2.82	0.68	1
497	76.73	15.71	0.36	1
498	49.14	3.05	0.4	1
499	90.79	14.98	0.75	1
500	105.67	10.92	0.65	1
501	103.29	0.28	0.59	1
502	12.87	1.67	0.35	1
503	85.51	1.25	0.62	1
504	59.56	8.51	0.73	1
505	37.28	15.67	0.34	1
506	20.45	6.34	0.62	1
507	92.90	0.55	0.44	1
508	80.75	14.70	0.27	1
509	111.87	15.77	0.66	1
510	38.33	10.55	0.3	1
511	9.28	4.64	0.35	1
512	11.31	5.67	0.67	1
513	105.02	6.25	0.65	1
514	67.43	7.80	0.35	1
515	55.07	17.45	0.76	1
516	35.54	11.29	0.33	1
517	50.41	1.10	0.8	1
518	58.72	14.64	0.64	1
519	11.85	1.25	0.44	1
520	18.44	13.76	0.28	1
521	86.88	10.17	0.39	1
522	56.19	15.99	0.32	1
523	92.00	14.61	0.57	1
524	97.59	11.57	0.41	1
525	54.96	15.56	0.38	1
526	111.12	0.43	0.65	1
527	6.19	17.26	0.34	1
528	33.26	15.72	0.55	1
529	46.66	2.14	0.32	1
530	9.65	2.82	0.63	1
531	29.99	8.79	0.58	1
532	84.18	17.76	0.68	1
533	52.98	9.33	0.24	1
534	62.62	9.71	0.33	1
535	62.13	0.16	0.29	1
536	0.21	1.76	0.31	1
537	12.19	12.69	0.26	1
538	24.59	16.10	0.54	1
539	111.43	17.57	0.56	1
540	112.69	4.89	0.71	1
541	61.17	3.16	0.45	1
542	96.75	15.99	0.52	1
543	102.15	7.80	0.79	1
544	91.04	1.76	0.52	1
545	4.83	13.56	0.54	1
546	51.04	17.92	0.8	1
547	11.67	15.40	0.8	1
548	57.60	14.89	0.45	1
549	98.06	16.49	0.58	1
550	35.74	17.10	0.49	1
551	18.20	1.48	0.63	1
552	51.79	14.91	0.76	1
553	56.81	14.93	0.39	1
554	87.56	3.77	0.69	1
555	113.87	1.09	0.59	1
556	107.79	5.48	0.37	1
557	60.02	7.60	0.68	1
558	20.62	6.45	0.46	1
559	23.15	3.67	0.27	1
560	22.45	8.80	0.8	1
561	95.75	10.24	0.46	1
562	107.18	11.46	0.52	1
563	82.72	12.02	0.68	1
564	53.94	12.41	0.78	1
565	8.36	15.48	0.72	1
566	93.34	4.41	0.52	1
567	92.16	0.23	0.53	1
568	26.07	1.17	0.37	1
569	93.63	13.61	0.48	1
570	97.64	0.08	0.77	1
571	60.15	12.69	0.64	1
572	18.65	11.70	0.21	1
573	10.09	3.26	0.27	1
574	57.10	11.76	0.75	1
575	17.50	3.33	0.71	1
576	24.53	4.30	0.49	1
577	27.19	7.11	0.57	1
578	78.45	7.88	0.37	1
579	93.12	12.95	0.68	1
580	15.18	0.88	0.56	1
581	105.35	1.44	0.62	1
582	17.80	0.40	0.42	1
583	75.40	10.48	0.46	1
584	118.43	15.96	0.32	1
585	49.30	6.69	0.77	1
586	35.62	2.74	0.77	1
587	16.57	2.38	0.69	1
588	13.69	4.33	0.76	1
589	36.80	17.31	0.6	1
590	69.42	17.78	0.34	1
591	44.70	8.24	0.66	1
592	38.95	3.29	0.4	1
593	17.18	17.01	0.46	1
594	118.42	0.81	0.36	1
595	18.04	7.62	0.45	1
596	22.36	6.55	0.61	1
597	15.49	8.22	0.27	1
598	32.60	6.33	0.26	1
599	11.32	7.71	0.61	1
600	117.99	5.92	0.67	1
601	105.17	15.18	0.53	1
602	114.25	14.22	0.31	1
603	79.15	15.42	0.46	1
604	9.08	8.33	0.65	1
605	118.71	13.85	0.61	1
606	115.45	14.03	0.27	1
607	104.99	12.72	0.78	1
608	91.26	9.42	0.33	1
609	110.91	14.85	0.33	1
610	101.27	12.11	0.48	1
611	36.55	0.64	0.4	1
612	112.28	10.55	0.79	1
613	35.78	2.68	0.25	1
614	99.54	15.06	0.38	1
615	97.74	11.61	0.43	1
616	43.92	5.47	0.5	1
617	1.03	15.00	0.21	1
618	10.49	11.35	0.25	1
619	60.49	9.48	0.35	1
620	111.21	0.57	0.53	1
621	92.81	0.94	0.66	1
622	4.58	7.74	0.61	1
623	7.57	14.20	0.54	1
624	63.55	0.52	0.44	1
625	4.86	11.03	0.72	1
626	96.73	7.88	0.48	1
627	66.55	14.40	0.38	1
628	73.26	4.05	0.58	1
629	73.57	11.31	0.62	1
630	88.09	11.18	0.44	1
631	116.31	3.55	0.22	1
632	114.13	9.69	0.26	1
633	80.63	1.79	0.71	1
634	45.67	13.85	0.23	1
635	84.83	0.72	0.56	1
636	65.59	1.59	0.31	1
637	119.50	16.15	0.34	1
638	2.53	15.46	0.36	1
639	110.33	6.36	0.22	1
640	86.34	7.96	0.31	1
641	78.63	6.13	0.59	1
642	38.71	7.64	0.5	1
643	17.47	14.96	0.68	1
644	41.84	7.20	0.24	1
645	107.29	8.94	0.73	1
646	65.31	17.22	0.8	1
647	106.41	3.05	0.21	1
648	56.79	17.48	0.78	1
649	44.68	6.69	0.34	1
650	23.40	2.06	0.62	1
651	88.84	13.86	0.38	1
652	116.28	13.92	0.51	1
653	29.20	0.72	0.51	1
654	118.25	6.13	0.42	1
655	37.44	16.31	0.63	1
656	70.21	3.87	0.56	1
657	106.69	17.88	0.5	1
658	10.40	15.52	0.79	1
659	46.86	9.43	0.76	1
660	109.78	17.52	0.77	1
661	31.46	3.83	0.73	1
662	9.66	10.11	0.35	1
663	1.63	7.41	0.41	1
664	8.81	7.29	0.34	1
665	4.79	15.03	0.79	1
666	25.17	5.91	0.29	1
667	104.41	13.43	0.42	1
668	26.28	1.29	0.32	1
669	85.88	7.03	0.33	1
670	91.93	8.02	0.35	1
671	41.52	8.12	0.58	1
672	89.83	16.24	0.25	1
673	5.97	9.43	0.54	1
674	3.94	8.43	0.69	1
675	106.23	6.51	0.66	1
676	111.89	11.35	0.29	1
677	112.10	13.63	0.75	1
678	12.41	4.16	0.66	1
679	47.30	3.06	0.2	1
680	59.39	8.48	0.64	1
681	114.75	7.81	0.64	1
682	94.28	16.95	0.5	1
683	105.24	3.76	0.23	1
684	59.52	6.26	0.55	1
685	47.98	6.49	0.66	1
686	99.16	8.14	0.36	1
687	62.84	17.68	0.6	1
688	7.20	8.78	0.41	1
689	92.89	2.72	0.54	1
690	73.38	4.31	0.43	1
691	104.09	5.89	0.38	1
692	39.49	10.77	0.71	1
693	22.03	5.13	0.65	1
694	50.00	6.37	0.41	1
695	62.99	10.79	0.46	1
696	68.00	11.78	0.62	1
697	36.93	2.28	0.69	1
698	91.30	15.31	0.61	1
699	30.84	7.33	0.52	1
700	59.83	9.60	0.77	1
701	79.14	0.75	0.66	1
702	86.58	1.12	0.27	1
703	56.19	14.90	0.53	1
704	54.15	2.68	0.45	1
705	118.20	16.01	0.68	1
706	92.56	7.41	0.23	1
707	22.06	16.95	0.45	1
708	63.88	15.34	0.39	1
709	41.05	6.04	0.28	1
710	118.26	9.39	0.43	1
711	16.88	3.95	0.6	1
712	57.83	0.76	0.42	1
713	55.50	7.54	0.55	1
714	93.52	6.39	0.56	1
715	117.91	3.25	0.55	1
716	70.92	1.61	0.52	1
717	88.06	17.91	0.27	1
718	98.30	10.00	0.33	1
719	58.17	15.03	0.68	1
720	112.32	17.81	0.5	1
721	47.58	17.84	0.62	1
722	18.71	4.56	0.54	1
723	10.68	4.89	0.22	1
724	92.15	15.35	0.68	1
725	93.47	11.36	0.24	1
726	61.68	12.76	0.77	1
727	46.90	15.14	0.33	1
728	81.26	12.56	0.51	1
729	64.31	15.93	0.24	1
730	30.24	6.86	0.74	1
731	93.32	8.87	0.79	1
732	106.71	6.24	0.29	1
733	44.32	16.00	0.38	1
734	55.72	9.29	0.21	1
735	39.93	4.98	0.67	1
736	78.71	2.16	0.39	1
737	105.51	14.03	0.55	1
738	22.89	12.49	0.22	1
739	72.32	3.32	0.63	1
740	32.78	7.36	0.52	1
741	83.91	11.50	0.63	1
742	63.87	13.83	0.67	1
743	90.95	11.12	0.25	1
744	94.44	6.02	0.55	1
745	105.75	11.07	0.59	1
746	98.68	9.83	0.51	1
747	26.21	9.76	0.31	1
748	44.53	12.55	0.68	1
749	57.10	15.05	0.8	1
750	81.37	12.32	0.78	1
751	26.06	17.72	0.67	1
752	101.00	14.20	0.45	1
753	39.63	9.64	0.4	1
754	16.45	9.69	0.24	1
755	17.51	9.95	0.45	1
756	77.85	7.02	0.29	1
757	59.83	15.76	0.35	1
758	13.03	14.25	0.74	1
759	20.49	0.66	0.78	1
760	22.27	13.77	0.77	1
761	48.62	15.71	0.32	1
762	62.96	0.40	0.74	1
763	86.01	1.98	0.28	1
764	94.73	3.03	0.5	1
765	41.45	13.70	0.59	1
766	114.51	6.69	0.48	1
767	99.53	3.43	0.77	1
768	96.86	11.83	0.4	1
769	23.13	5.45	0.52	1
770	15.81	6.89	0.25	1
771	24.44	11.59	0.71	1
772	119.34	0.22	0.45	1
773	64.91	10.33	0.62	1
774	109.71	9.11	0.61	1
775	65.24	8.49	0.61	1
776	32.27	1.01	0.5	1
777	49.04	0.95	0.37	1
778	66.06	5.53	0.58	1
779	64.03	2.42	0.78	1
780	111.92	16.10	0.7	1
781	22.80	6.18	0.27	1
782	73.62	1.72	0.21	1
783	42.55	4.52	0.5	1
784	109.86	15.35	0.67	1
785	69.58	9.37	0.39	1
786	111.69	16.78	0.62	1
787	116.32	2.26	0.76	1
788	19.27	12.18	0.48	1
789	64.97	0.33	0.35	1
790	7.44	15.99	0.75	1
791	104.26	6.43	0.48	1
792	106.93	10.69	0.44	1
793	96.71	7.69	0.41	1
794	13.61	7.81	0.45	1
795	54.88	9.92	0.6	1
796	12.67	17.85	0.46	1
797	29.30	3.57	0.39	1
798	63.22	9.67	0.65	1
799	52.78	13.89	0.32	1
800	62.00	10.97	0.32	1
801	86.85	0.45	0.62	1
802	68.48	15.92	0.72	1
803	2.09	7.29	0.34	1
804	111.15	6.36	0.31	1
805	55.05	17.67	0.6	1
806	23.92	1.17	0.57	1
807	103.13	15.63	0.47	1
808	56.65	9.26	0.26	1
809	100.30	13.29	0.26	1
810	31.82	0.30	0.67	1
811	57.56	15.46	0.47	1
812	107.50	17.21	0.71	1
813	105.55	10.44	0.54	1
814	53.35	13.95	0.57	1
815	88.78	9.69	0.76	1
816	10.48	16.67	0.3	1
817	54.67	6.54	0.53	1
818	75.55	12.13	0.23	1
819	25.28	15.06	0.42	1
820	34.79	3.36	0.29	1
821	48.77	13.15	0.31	1
822	115.85	14.57	0.76	1
823	112.84	2.53	0.57	1
824	8.54	10.04	0.74	1
825	34.84	14.90	0.47	1
826	80.64	17.47	0.56	1
827	30.58	8.74	0.22	1
828	60.15	4.31	0.48	1
829	70.81	7.98	0.54	1
830	53.61	6.53	0.21	1
831	2.03	9.40	0.67	1
832	40.23	0.02	0.38	1
833	36.95	5.02	0.47	1
834	47.21	2.37	0.52	1
835	60.92	12.46	0.8	1
836	75.62	14.47	0.26	1
837	54.24	9.34	0.53	1
838	97.25	7.70	0.52	1
839	84.19	7.82	0.24	1
840	50.13	13.68	0.58	1
841	20.98	6.09	0.37	1
842	26.90	6.46	0.26	1
843	27.64	10.43	0.31	1
844	95.78	14.16	0.69	1
845	43.74	17.80	0.26	1
846	71.26	7.19	0.48	1
847	100.26	13.14	0.32	1
848	89.91	3.53	0.3	1
849	56.20	15.51	0.32	1
850	60.48	12.30	0.5	1
851	70.55	15.16	0.34	1
852	34.15	10.36	0.26	1
853	14.79	12.42	0.68	1
854	87.84	0.77	0.52	1
855	81.09	7.46	0.29	1
856	14.89	7.56	0.48	1
857	23.31	7.48	0.24	1
858	46.12	13.29	0.55	1
859	92.91	10.93	0.4	1
860	2.72	16.76	0.26	1
861	82.35	0.62	0.31	1
862	98.26	3.60	0.41	1
863	69.51	8.40	0.68	1
864	50.38	16.01	0.3	1
865	52.48	1.36	0.27	1
866	113.60	16.57	0.51	1
867	82.13	8.42	0.54	1
868	11.14	14.23	0.25	1
869	9.06	1.23	0.37	1
870	64.49	2.88	0.36	1
871	0.93	7.62	0.31	1
872	16.47	2.89	0.39	1
873	9.23	3.69	0.22	1
874	85.86	14.56	0.59	1
875	54.30	9.12	0.79	1
876	3.92	1.25	0.58	1
877	30.91	9.79	0.42	1
878	88.75	10.89	0.6	1
879	47.06	2.13	0.54	1
880	93.69	6.55	0.71	1
881	88.33	9.23	0.57	1
882	88.64	16.33	0.58	1
883	110.52	9.63	0.33	1
884	61.38	4.78	0.45	1
885	112.30	8.24	0.41	1
886	15.31	7.79	0.21	1
887	15.25	9.05	0.39	1
888	67.35	6.08	0.49	1
889	8.60	16.98	0.56	1
890	92.80	15.10	0.76	1
891	44.02	13.69	0.34	1
892	58.24	3.62	0.29	1
893	14.93	6.21	0.72	1
894	16.51	17.97	0.77	1
895	5.90	7.94	0.49	1
896	54.25	5.41	0.27	1
897	68.56	2.70	0.49	1
898	94.07	5.98	0.27	1
899	70.96	12.88	0.73	1
900	106.69	15.04	0.62	1
901	73.00	6.99	0.34	1
902	60.38	13.84	0.73	1
903	105.31	1.87	0.58	1
904	46.18	13.97	0.77	1
905	51.80	5.98	0.79	1
906	49.36	10.85	0.2	1
907	119.98	8.87	0.27	1
908	25.02	2.93	0.53	1
909	5.08	10.06	0.77	1
910	65.35	3.69	0.8	1
911	83.44	13.34	0.54	1
912	31.09	6.19	0.3	1
913	118.86	6.74	0.3	1
914	91.30	8.15	0.66	1
915	95.20	13.84	0.56	1
916	80.13	15.39	0.53	1
917	112.71	10.44	0.48	1
918	28.50	7.18	0.64	1
919	91.00	11.72	0.71	1
920	21.34	0.92	0.38	1
921	81.96	4.52	0.33	1
922	59.96	13.44	0.6	1
923	67.52	1.50	0.75	1
924	22.27	3.95	0.41	1
925	30.94	10.18	0.36	1
926	60.48	3.66	0.34	1
927	8.11	3.09	0.35	1
928	118.13	8.43	0.28	1
929	6.12	5.50	0.56	1
930	56.97	15.73	0.37	1
931	119.58	0.00	0.57	1
932	82.67	0.00	0.25	1
933	120.00	18.00	0.27	1
934	79.87	18.00	0.52	1
935	120.00	14.02	0.51	1
936	31.90	0.00	0.36	1
937	101.49	0.00	0.7	1
938	39.56	12.20	0.31	1
939	13.37	13.25	0.42	1
940	48.26	9.48	0.53	1
941	39.53	10.20	0.72	1
942	56.56	12.11	0.45	1
943	39.44	0.00	0.44	1
944	70.79	18.00	0.55	1
945	89.01	18.00	0.39	1
946	104.95	0.00	0.63	1
947	99.11	16.48	0.35	1
948	12.05	0.00	0.69	1
949	52.40	9.38	0.36	1
950	106.86	18.00	0.8	1
951	55.57	9.01	0.39	1
952	92.98	0.00	0.73	1
953	70.87	0.00	0.44	1
954	58.98	18.00	0.35	1
955	25.13	14.47	0.34	1
956	51.04	11.92	0.71	1
957	110.03	8.86	0.39	1
958	87.36	0.00	0.4	1
959	50.17	11.31	0.32	1
960	112.70	7.82	0.78	1
961	89.77	7.27	0.35	1
962	61.62	4.59	0.35	1
963	43.22	3.13	0.77	1
964	76.37	18.00	0.74	1
965	89.93	1.40	0.35	1
966	18.59	15.80	0.72	1
967	13.51	18.00	0.35	1
968	7.32	18.00	0.25	1
969	58.93	4.20	0.69	1
970	115.89	18.00	0.66	1
971	120.00	4.52	0.38	1
972	87.23	18.00	0.25	1
973	111.08	14.25	0.32	1
974	120.00	0.00	0.66	1
975	91.98	9.79	0.78	1
976	28.44	0.00	0.36	1
977	82.39	11.51	0.69	1
978	36.63	0.85	0.34	1
979	30.96	3.16	0.61	1
980	67.16	0.00	0.25	1
981	27.37	0.00	0.55	1
982	11.08	0.08	0.36	1
983	106.37	18.00	0.76	1
984	107.13	0.00	0.37	1
985	21.37	18.00	0.44	1
986	14.54	5.57	0.7	1
987	113.72	18.00	0.46	1
988	7.76	14.27	0.34	1
989	40.27	14.09	0.53	1
990	117.20	5.98	0.7	1
991	58.00	7.48	0.46	1
992	67.90	18.00	0.28	1
993	97.99	1.07	0.43	1
994	70.15	18.00	0.77	1
995	33.96	15.50	0.24	1
996	20.18	18.00	0.45	1
997	70.54	12.19	0.59	1
998	50.92	10.86	0.25	1
999	116.18	5.61	0.41	1
1000	16.42	0.00	0.76	1
1001	113.36	4.37	0.22	1
1002	104.87	17.43	0.65	1
1003	30.60	4.45	0.7	1
1004	23.09	0.00	0.37	1
1005	120.00	7.12	0.33	1
1006	110.55	0.00	0.75	1
1007	37.23	18.00	0.66	1
1008	72.38	2.28	0.27	1
1009	120.00	0.00	0.33	1
1010	14.79	0.00	0.57	1
1011	86.57	0.00	0.45	1
1012	94.80	18.00	0.5	1
1013	22.75	13.55	0.77	1
1014	111.82	18.00	0.45	1
1015	16.30	18.00	0.73	1
1016	119.43	8.29	0.6	1
1017	106.63	0.00	0.27	1
1018	33.01	1.42	0.65	1
1019	83.60	18.00	0.51	1
1020	72.77	0.91	0.34	1
1021	120.00	12.54	0.37	1
1022	65.79	0.00	0.53	1
1023	0.00	18.00	0.56	1
1024	50.90	12.44	0.78	1
1025	74.13	9.46	0.71	1
1026	91.97	14.41	0.32	1
1027	38.82	2.17	0.66	1
1028	24.17	16.25	0.2	1
1029	23.02	7.72	0.28	1
1030	110.12	2.51	0.32	1
1031	69.22	18.00	0.56	1
1032	26.75	18.00	0.32	1
1033	20.88	18.00	0.42	1
1034	53.91	18.00	0.35	1
1035	45.57	18.00	0.4	1
1036	29.70	18.00	0.77	1
1037	111.46	18.00	0.8	1
1038	33.58	0.00	0.61	1
1039	86.15	18.00	0.54	1
1040	75.56	11.53	0.63	1
1041	74.15	18.00	0.66	1
1042	35.04	18.00	0.64	1
1043	40.72	4.53	0.25	1
1044	81.52	14.31	0.39	1
1045	26.25	9.25	0.41	1
1046	43.27	18.00	0.42	1
1047	47.71	18.00	0.41	1
1048	77.72	0.20	0.67	1
1049	105.24	5.98	0.65	1
1050	77.48	18.00	0.2	1
1051	21.47	4.76	0.38	1
1052	40.80	0.00	0.57	1
1053	9.62	18.00	0.27	1
1054	24.72	18.00	0.24	1
1055	73.41	0.00	0.7	1
1056	18.76	18.00	0.47	1
1057	23.90	0.00	0.71	1
1058	73.54	7.14	0.69	1
1059	61.33	16.07	0.74	1
1060	40.35	12.78	0.23	1
1061	13.06	3.67	0.31	1
1062	30.83	18.00	0.38	1
1063	115.47	11.85	0.28	1
1064	110.88	18.00	0.49	1
1065	42.82	0.00	0.68	1
1066	27.73	18.00	0.77	1
1067	51.51	15.33	0.73	1
1068	63.50	10.97	0.47	1
1069	70.45	13.65	0.58	1
1070	90.79	14.92	0.34	1
1071	83.60	18.00	0.44	1
1072	68.16	0.00	0.72	1
1073	50.59	17.78	0.22	1
1074	0.00	18.00	0.52	1
1075	2.49	9.68	0.72	1
1076	88.73	18.00	0.27	1
1077	56.94	18.00	0.79	1
1078	66.32	0.00	0.21	1
1079	14.30	0.00	0.73	1
1080	120.00	0.00	0.41	1
1081	27.39	18.00	0.28	1
1082	51.77	0.00	0.29	1
1083	56.73	14.93	0.62	1
1084	45.08	14.26	0.72	1
1085	64.99	18.00	0.58	1
1086	58.09	18.00	0.76	1
1087	29.92	8.40	0.71	1
1088	111.19	18.00	0.21	1
1089	76.43	0.00	0.6	1
1090	73.62	18.00	0.38	1
1091	119.29	18.00	0.47	1
1092	32.17	11.38	0.26	1
1093	21.45	18.00	0.37	1
1094	0.53	14.58	0.58	1
1095	89.52	18.00	0.33	1
1096	9.77	5.51	0.59	1
1097	99.90	17.57	0.75	1
1098	120.00	4.91	0.2	1
1099	103.46	1.15	0.67	1
1100	36.24	12.67	0.58	1
1101	84.53	8.50	0.23	1
1102	57.57	18.00	0.67	1
1103	104.33	14.15	0.33	1
1104	84.38	18.00	0.36	1
1105	85.55	18.00	0.26	1
1106	11.45	18.00	0.52	1
1107	58.49	14.99	0.5	1
1108	104.79	6.33	0.41	1
1109	78.33	18.00	0.3	1
1110	35.77	18.00	0.7	1
1111	98.27	18.00	0.73	1
1112	0.00	0.00	0.52	1
1113	32.80	0.00	0.35	1
1114	70.72	18.00	0.26	1
1115	120.00	12.22	0.72	1
1116	58.80	0.00	0.26	1
1117	103.57	0.14	0.21	1
1118	98.59	14.20	0.48	1
1119	56.44	0.00	0.64	1
1120	0.00	0.00	0.47	1
1121	98.34	0.00	0.23	1
1122	96.85	18.00	0.61	1
1123	93.16	18.00	0.59	1
1124	57.03	0.00	0.61	1
1125	103.70	0.37	0.33	1
1126	77.15	10.50	0.68	1
1127	15.69	13.10	0.49	1
1128	72.32	11.77	0.52	1
1129	48.67	0.00	0.53	1
1130	115.33	0.00	0.37	1
1131	67.35	0.00	0.35	1
1132	34.89	18.00	0.2	1
1133	108.50	12.34	0.44	1
1134	93.53	18.00	0.49	1
1135	71.62	0.00	0.65	1
1136	74.37	18.00	0.24	1
1137	120.00	15.45	0.75	1
1138	103.08	18.00	0.36	1
1139	32.60	0.00	0.42	1
1140	21.68	0.00	0.23	1
1141	110.57	18.00	0.59	1
1142	88.66	18.00	0.63	1
1143	52.07	18.00	0.76	1
1144	67.97	8.09	0.4	1
1145	88.15	10.24	0.35	1
1146	21.39	4.07	0.64	1
1147	63.17	0.00	0.62	1
1148	15.31	13.59	0.76	1
1149	20.92	18.00	0.32	1
1150	68.17	16.17	0.62	1
1151	45.81	10.08	0.24	1
1152	100.14	18.00	0.49	1
1153	22.37	4.24	0.27	1
1154	8.81	0.00	0.59	1
1155	52.33	18.00	0.56	1
1156	68.08	0.00	0.23	1
1157	59.55	18.00	0.39	1
1158	56.75	18.00	0.44	1
1159	49.73	9.00	0.35	1
1160	111.21	18.00	0.22	1
1161	33.04	15.90	0.39	1
1162	27.55	2.69	0.68	1
1163	51.16	18.00	0.42	1
1164	92.20	0.00	0.39	1
1165	69.50	7.50	0.77	1
1166	40.35	9.82	0.22	1
1167	7.65	18.00	0.66	1
1168	29.03	18.00	0.49	1
1169	103.83	0.00	0.77	1
1170	54.82	18.00	0.44	1
1171	8.65	9.96	0.62	1
1172	15.11	0.00	0.24	1
1173	106.14	6.81	0.76	1
1174	118.24	18.00	0.41	1
1175	66.02	18.00	0.51	1
1176	64.94	8.55	0.28	1
1177	83.40	18.00	0.77	1
1178	63.84	8.18	0.6	1
1179	36.70	12.54	0.23	1
1180	27.53	18.00	0.29	1
1181	19.57	0.00	0.44	1
1182	25.86	18.00	0.33	1
1183	120.00	2.83	0.38	1
1184	105.68	7.14	0.8	1
1185	99.20	18.00	0.6	1
1186	89.78	18.00	0.75	1
1187	11.75	0.00	0.46	1
1188	111.05	12.51	0.63	1
1189	23.75	15.83	0.48	1
1190	92.38	17.04	0.4	1
1191	42.11	0.00	0.51	1
1192	42.85	10.43	0.46	1
1193	74.71	11.39	0.79	1
1194	80.58	0.00	0.5	1
1195	96.67	18.00	0.69	1
1196	112.53	4.48	0.6	1
1197	64.09	12.17	0.49	1
1198	34.41	12.70	0.48	1
1199	53.66	18.00	0.41	1
1200	0.00	18.00	0.26	1
1201	71.93	17.59	0.66	1
1202	120.00	0.00	0.75	1
1203	41.09	18.00	0.33	1
1204	103.35	18.00	0.76	1
1205	100.65	17.79	0.34	1
1206	47.19	10.72	0.52	1
1207	97.84	16.89	0.41	1
1208	16.61	0.00	0.27	1
1209	7.38	0.00	0.23	1
1210	98.02	18.00	0.42	1
1211	22.66	11.39	0.23	1
1212	77.85	0.00	0.26	1
1213	58.80	18.00	0.29	1
1214	88.03	18.00	0.2	1
1215	37.95	16.85	0.29	1
1216	54.96	2.14	0.55	1
1217	95.51	18.00	0.69	1
1218	74.31	0.00	0.32	1
1219	92.59	18.00	0.25	1
1220	83.39	0.77	0.64	1
1221	34.32	18.00	0.2	1
1222	89.97	14.36	0.64	1
1223	88.87	0.00	0.28	1
1224	55.88	7.52	0.34	1
1225	42.63	2.10	0.27	1
1226	109.89	18.00	0.35	1
1227	7.86	1.75	0.68	1
1228	107.36	18.00	0.28	1
1229	23.47	0.43	0.8	1
1230	71.62	14.40	0.4	1
1231	48.27	18.00	0.75	1
1232	107.66	18.00	0.31	1
1233	20.89	0.00	0.31	1
1234	13.75	18.00	0.54	1
1235	59.56	7.68	0.23	1
1236	55.81	0.00	0.68	1
1237	108.46	15.68	0.46	1
1238	97.99	16.89	0.62	1
1239	90.32	11.18	0.3	1
1240	59.27	13.03	0.59	1
1241	51.62	13.14	0.56	1
1242	53.82	2.30	0.65	1
1243	76.96	9.73	0.38	1
1244	80.77	1.47	0.76	1
1245	43.52	0.00	0.78	1
1246	7.09	18.00	0.72	1
1247	34.66	18.00	0.54	1
1248	72.16	8.46	0.45	1
1249	120.00	8.13	0.23	1
1250	120.00	0.00	0.77	1
1251	68.92	0.00	0.77	1
1252	74.84	16.97	0.21	1
1253	95.77	3.82	0.41	1
1254	74.27	9.99	0.73	1
1255	92.88	8.65	0.25	1
1256	66.60	18.00	0.32	1
1257	65.08	15.90	0.79	1
1258	75.44	8.76	0.71	1
1259	0.00	4.91	0.75	1
1260	78.97	11.32	0.29	1
1261	104.91	6.34	0.33	1
1262	111.38	0.50	0.56	1
1263	82.73	10.72	0.5	1
1264	37.38	18.00	0.38	1
1265	50.89	0.00	0.73	1
1266	69.80	6.65	0.74	1
1267	84.87	0.22	0.38	1
1268	87.46	18.00	0.29	1
1269	38.06	13.47	0.29	1
1270	47.88	18.00	0.49	1
1271	25.52	13.76	0.28	1
1272	64.54	1.94	0.48	1
1273	19.44	0.00	0.48	1
1274	2.73	9.20	0.73	1
1275	22.76	18.00	0.38	1
1276	63.28	0.00	0.54	1
1277	62.13	18.00	0.65	1
1278	64.40	18.00	0.56	1
1279	0.00	4.16	0.77	1
1280	83.18	7.44	0.56	1
1281	120.00	18.00	0.74	1
1282	4.19	18.00	0.35	1
1283	90.97	0.78	0.54	1
1284	88.17	1.62	0.53	1
1285	70.01	0.00	0.79	1
1286	50.59	4.25	0.32	1
1287	21.53	18.00	0.28	1
1288	66.60	18.00	0.57	1
1289	112.88	11.24	0.33	1
1290	16.18	18.00	0.58	1
1291	120.00	18.00	0.78	1
1292	42.60	18.00	0.77	1
1293	98.25	18.00	0.34	1
1294	42.27	16.20	0.3	1
1295	91.07	3.84	0.54	1
1296	64.23	11.73	0.55	1
1297	110.64	11.00	0.6	1
1298	47.95	18.00	0.64	1
1299	55.85	18.00	0.56	1
1300	100.07	0.00	0.27	1
1301	99.05	18.00	0.67	1
1302	0.00	18.00	0.25	1
1303	49.00	5.02	0.21	1
1304	60.15	18.00	0.66	1
1305	106.71	8.26	0.53	1
1306	70.23	18.00	0.62	1
1307	41.27	18.00	0.43	1
1308	0.00	18.00	0.21	1
1309	100.93	10.46	0.4	1
1310	86.25	0.00	0.56	1
1311	96.97	18.00	0.34	1
1312	39.37	18.00	0.61	1
1313	0.00	0.00	0.68	1
1314	96.73	18.00	0.47	1
1315	101.98	18.00	0.73	1
1316	54.11	4.43	0.71	1
1317	25.15	18.00	0.73	1
1318	75.47	2.65	0.6	1
1319	115.23	18.00	0.38	1
1320	113.93	18.00	0.49	1
1321	46.16	3.73	0.63	1
1322	93.07	18.00	0.33	1
1323	100.33	9.15	0.64	1
1324	5.11	18.00	0.53	1
1325	41.12	18.00	0.26	1
1326	17.74	8.53	0.53	1
1327	5.60	0.00	0.24	1
1328	24.01	0.00	0.21	1
1329	19.39	14.09	0.73	1
1330	18.30	12.35	0.49	1
1331	65.03	15.17	0.53	1
1332	19.03	18.00	0.37	1
1333	66.29	15.04	0.53	1
1334	68.89	0.00	0.3	1
1335	107.56	16.36	0.65	1
1336	70.30	0.00	0.69	1
1337	36.30	0.01	0.71	1
1338	28.12	18.00	0.26	1
1339	103.51	11.89	0.53	1
1340	104.37	18.00	0.69	1
1341	63.19	3.13	0.28	1
1342	62.53	11.15	0.26	1
1343	102.71	10.73	0.69	1
1344	60.75	9.93	0.68	1
1345	99.91	18.00	0.47	1
1346	24.99	3.04	0.27	1
1347	0.00	0.00	0.51	1
1348	57.09	11.65	0.44	1
1349	64.71	0.00	0.51	1
1350	88.97	12.44	0.46	1
1351	62.44	0.00	0.54	1
1352	37.66	17.69	0.64	1
1353	10.65	0.00	0.66	1
1354	85.40	13.90	0.59	1
1355	58.67	18.00	0.32	1
1356	42.37	0.00	0.44	1
1357	19.34	18.00	0.24	1
1358	70.37	0.00	0.47	1
1359	120.00	0.00	0.78	1
1360	37.43	18.00	0.59	1
1361	67.74	11.39	0.29	1
1362	15.47	18.00	0.36	1
1363	5.34	18.00	0.24	1
1364	92.80	12.89	0.31	1
1365	120.00	17.21	0.49	1
1366	119.45	0.36	0.41	1
1367	120.00	0.00	0.32	1
1368	120.00	18.00	0.29	1
1369	16.21	9.33	0.59	1
1370	68.57	0.00	0.53	1
1371	102.73	4.14	0.71	1
1372	39.86	7.98	0.31	1
1373	62.11	18.00	0.71	1
1374	120.00	18.00	0.55	1
1375	57.15	14.33	0.36	1
1376	0.00	18.00	0.36	1
1377	72.93	18.00	0.43	1
1378	14.35	18.00	0.48	1
1379	10.71	0.00	0.25	1
1380	75.33	15.51	0.71	1
1381	0.00	18.00	0.27	1
1382	8.91	18.00	0.49	1
1383	82.62	1.98	0.43	1
1384	66.25	12.82	0.51	1
1385	25.95	2.17	0.73	1
1386	37.22	0.00	0.79	1
1387	106.09	18.00	0.21	1
1388	98.50	4.94	0.44	1
1389	15.82	0.00	0.69	1
1390	42.60	18.00	0.4	1
1391	105.57	18.00	0.59	1
1392	5.49	3.16	0.8	1
1393	55.10	18.00	0.59	1
1394	24.31	0.00	0.27	1
1395	5.93	18.00	0.71	1
1396	45.90	10.52	0.78	1
1397	86.65	1.41	0.63	1
1398	9.16	18.00	0.45	1
1399	78.71	18.00	0.77	1
1400	87.45	0.00	0.78	1
1401	45.18	0.00	0.76	1
1402	2.72	0.00	0.45	1
1403	65.61	18.00	0.67	1
1404	68.21	0.00	0.59	1
1405	61.18	2.53	0.31	1
1406	88.90	16.21	0.52	1
1407	20.83	18.00	0.65	1
1408	104.13	13.19	0.74	1
1409	62.37	18.00	0.72	1
1410	68.56	2.33	0.29	1
1411	7.51	0.00	0.49	1
1412	53.31	6.20	0.49	1
1413	33.61	18.00	0.74	1
1414	77.94	18.00	0.2	1
1415	10.75	15.62	0.64	1
1416	53.76	1.50	0.57	1
1417	83.48	18.00	0.75	1
1418	120.00	18.00	0.47	1
1419	19.11	10.49	0.59	1
1420	37.29	18.00	0.78	1
1421	2.42	6.22	0.65	1
1422	105.74	0.00	0.24	1
1423	24.73	0.00	0.3	1
1424	0.00	18.00	0.69	1
1425	120.00	18.00	0.4	1
1426	24.71	18.00	0.62	1
1427	94.27	8.43	0.62	1
1428	63.32	3.32	0.8	1
1429	117.78	18.00	0.48	1
1430	0.40	8.23	0.64	1
1431	47.55	12.35	0.23	1
1432	43.66	6.41	0.48	1
1433	100.81	6.12	0.31	1
1434	31.05	16.62	0.7	1
1435	120.00	8.44	0.7	1
1436	8.95	6.81	0.34	1
1437	113.23	13.11	0.39	1
1438	44.46	18.00	0.62	1
1439	85.52	18.00	0.64	1
1440	73.26	16.50	0.59	1
1441	52.75	7.18	0.8	1
1442	32.85	18.00	0.72	1
1443	0.00	18.00	0.45	1
1444	67.05	7.06	0.4	1
1445	20.25	0.98	0.56	1
1446	113.83	0.00	0.69	1
1447	44.90	0.00	0.49	1
1448	77.21	2.43	0.64	1
1449	32.95	18.00	0.21	1
1450	88.85	0.00	0.76	1
1451	120.00	18.00	0.66	1
1452	92.00	18.00	0.44	1
1453	54.90	18.00	0.43	1
1454	116.62	18.00	0.26	1
1455	59.18	16.69	0.69	1
1456	86.40	0.77	0.66	1
1457	8.08	0.00	0.58	1
1458	33.42	15.48	0.26	1
1459	120.00	18.00	0.36	1
1460	99.66	18.00	0.48	1
1461	107.83	13.15	0.36	1
1462	18.13	18.00	0.46	1
1463	24.19	13.88	0.34	1
1464	13.96	18.00	0.41	1
1465	21.32	0.00	0.59	1
1466	16.25	3.13	0.74	1
1467	62.07	18.00	0.43	1
1468	120.00	13.07	0.62	1
1469	31.68	0.35	0.28	1
1470	106.23	0.00	0.52	1
1471	72.90	18.00	0.75	1
1472	42.78	18.00	0.22	1
1473	58.43	0.00	0.36	1
1474	47.24	0.00	0.28	1
1475	9.88	18.00	0.52	1
1476	100.76	10.19	0.61	1
1477	25.79	0.00	0.23	1
1478	105.58	18.00	0.24	1
1479	90.68	13.59	0.72	1
1480	62.78	18.00	0.47	1
1481	26.02	4.11	0.48	1
1482	70.57	11.48	0.77	1
1483	33.00	13.54	0.39	1
1484	111.76	18.00	0.74	1
1485	87.63	18.00	0.78	1
1486	61.93	1.85	0.35	1
1487	48.36	9.79	0.51	1
1488	59.95	18.00	0.52	1
1489	63.20	0.00	0.72	1
1490	31.24	7.95	0.38	1
1491	30.69	18.00	0.68	1
1492	91.68	18.00	0.78	1
1493	31.34	18.00	0.7	1
1494	62.45	11.05	0.75	1
1495	42.52	18.00	0.63	1
1496	60.12	15.43	0.74	1
1497	63.74	13.75	0.3	1
1498	75.26	9.94	0.63	1
1499	16.56	0.00	0.64	1
1500	74.96	8.95	0.46	1
1501	11.91	13.89	0.25	1
1502	24.18	18.00	0.57	1
1503	81.97	9.81	0.23	1
1504	29.42	18.00	0.43	1
1505	68.70	18.00	0.44	1
1506	74.28	18.00	0.8	1
1507	31.52	0.00	0.38	1
1508	38.80	18.00	0.69	1
1509	49.96	18.00	0.23	1
1510	11.42	5.07	0.52	1
1511	19.85	0.00	0.52	1
1512	29.96	14.94	0.58	1
1513	13.52	12.72	0.69	1
1514	31.93	4.09	0.66	1
1515	30.81	18.00	0.66	1
1516	60.18	18.00	0.46	1
1517	115.44	13.27	0.64	1
1518	15.96	0.00	0.49	1
1519	9.61	4.95	0.24	1
1520	0.00	6.17	0.73	1
1521	91.68	2.27	0.73	1
1522	89.35	18.00	0.39	1
1523	59.85	7.44	0.75	1
1524	58.54	10.38	0.65	1
1525	28.51	10.62	0.44	1
1526	28.69	18.00	0.4	1
1527	33.60	5.68	0.79	1
1528	26.44	9.86	0.63	1
1529	51.99	12.01	0.43	1
1530	35.53	18.00	0.59	1
1531	39.88	0.00	0.54	1
1532	80.85	18.00	0.51	1
1533	37.04	2.93	0.59	1
1534	42.63	18.00	0.52	1
1535	3.37	0.00	0.59	1
1536	54.53	6.60	0.74	1
1537	54.48	18.00	0.8	1
1538	45.61	0.00	0.63	1
1539	40.74	18.00	0.76	1
1540	120.00	0.00	0.72	1
1541	109.52	17.08	0.38	1
1542	65.39	8.07	0.76	1
1543	35.17	18.00	0.24	1
1544	0.00	0.00	0.4	1
1545	117.79	6.61	0.58	1
1546	68.39	18.00	0.52	1
1547	13.77	8.24	0.53	1
1548	9.47	18.00	0.68	1
1549	93.34	18.00	0.32	1
1550	51.51	18.00	0.79	1
1551	110.99	18.00	0.46	1
1552	25.97	0.00	0.77	1
1553	75.40	6.23	0.43	1
1554	49.66	17.63	0.56	1
1555	108.45	18.00	0.47	1
1556	31.70	2.00	0.61	1
1557	63.54	0.52	0.31	1
1558	100.83	9.94	0.44	1
1559	48.64	14.99	0.24	1
1560	54.05	18.00	0.56	1
1561	103.14	2.50	0.78	1
1562	104.48	18.00	0.23	1
1563	114.54	0.00	0.6	1
1564	104.53	12.49	0.67	1
1565	98.01	18.00	0.33	1
1566	0.00	18.00	0.36	1
1567	91.27	18.00	0.32	1
1568	75.92	18.00	0.38	1
1569	120.00	5.91	0.27	1
1570	120.00	18.00	0.42	1
1571	120.00	16.84	0.42	1
1572	108.08	6.32	0.68	1
1573	34.63	6.05	0.68	1
1574	55.81	6.71	0.68	1
1575	19.77	11.19	0.54	1
1576	89.30	2.44	0.4	1
1577	35.57	18.00	0.45	1
1578	0.00	10.93	0.39	1
1579	6.29	18.00	0.55	1
1580	54.05	1.40	0.76	1
1581	9.61	1.51	0.37	1
1582	111.11	7.19	0.48	1
1583	16.60	0.00	0.59	1
1584	18.08	18.00	0.71	1
1585	40.68	18.00	0.35	1
1586	25.52	17.71	0.37	1
1587	75.66	18.00	0.73	1
1588	101.83	0.67	0.25	1
1589	9.84	18.00	0.56	1
1590	34.87	18.00	0.72	1
1591	42.64	18.00	0.75	1
1592	109.93	18.00	0.21	1
1593	15.29	11.15	0.42	1
1594	61.55	13.20	0.35	1
1595	15.26	18.00	0.54	1
1596	30.80	11.29	0.58	1
1597	14.70	18.00	0.8	1
1598	90.06	18.00	0.51	1
1599	62.15	15.28	0.53	1
1600	7.83	1.66	0.45	1
1601	8.65	3.13	0.29	1
1602	70.38	0.00	0.38	1
1603	7.62	0.00	0.35	1
1604	9.98	9.24	0.68	1
1605	58.06	17.14	0.53	1
1606	33.79	0.00	0.38	1
1607	21.32	18.00	0.49	1
1608	120.00	11.92	0.33	1
1609	56.94	0.00	0.31	1
1610	93.52	18.00	0.72	1
1611	20.75	18.00	0.77	1
1612	19.32	11.21	0.25	1
1613	110.71	9.35	0.66	1
1614	49.61	14.44	0.47	1
1615	63.22	18.00	0.43	1
1616	120.00	9.17	0.61	1
1617	117.71	18.00	0.36	1
1618	28.41	3.43	0.21	1
1619	32.45	18.00	0.33	1
1620	83.79	3.42	0.31	1
1621	66.81	0.00	0.22	1
1622	62.70	0.00	0.39	1
1623	14.18	2.81	0.48	1
1624	70.36	18.00	0.64	1
1625	104.03	18.00	0.4	1
1626	73.88	9.17	0.32	1
1627	14.51	15.13	0.34	1
1628	50.16	0.00	0.73	1
1629	27.45	18.00	0.32	1
1630	53.32	0.00	0.73	1
1631	37.81	18.00	0.47	1
1632	42.63	0.00	0.76	1
1633	21.72	0.00	0.44	1
1634	41.61	18.00	0.31	1
1635	74.42	0.00	0.53	1
1636	68.48	7.97	0.55	1
1637	79.28	18.00	0.58	1
1638	28.95	18.00	0.45	1
1639	98.21	0.00	0.23	1
1640	33.10	18.00	0.58	1
1641	113.52	0.00	0.76	1
1642	25.76	18.00	0.77	1
1643	88.13	13.84	0.56	1
1644	87.59	18.00	0.21	1
1645	36.49	0.00	0.26	1
1646	9.88	16.71	0.7	1
1647	82.52	13.01	0.7	1
1648	57.95	18.00	0.77	1
1649	37.00	0.00	0.54	1
1650	36.74	18.00	0.72	1
1651	114.24	0.00	0.69	1
1652	93.05	18.00	0.55	1
1653	99.92	18.00	0.67	1
1654	72.12	18.00	0.28	1
1655	77.46	0.00	0.58	1
1656	81.26	4.20	0.77	1
1657	37.11	18.00	0.3	1
1658	74.07	13.00	0.65	1
1659	86.43	18.00	0.39	1
1660	44.20	18.00	0.69	1
1661	49.30	7.73	0.62	1
1662	118.28	18.00	0.76	1
1663	45.28	17.03	0.63	1
1664	112.94	18.00	0.45	1
1665	70.47	0.00	0.21	1
1666	96.58	16.63	0.68	1
1667	27.21	11.61	0.45	1
1668	46.96	10.39	0.6	1
1669	66.33	13.71	0.26	1
1670	71.86	18.00	0.73	1
1671	120.00	0.00	0.46	1
1672	82.62	0.00	0.75	1
1673	0.00	18.00	0.62	1
1674	120.00	0.00	0.27	1
1675	52.98	0.00	0.55	1
1676	9.58	18.00	0.75	1
1677	55.07	14.07	0.68	1
1678	34.64	3.16	0.45	1
1679	53.80	10.03	0.77	1
1680	27.08	0.00	0.36	1
1681	71.80	18.00	0.43	1
1682	11.63	0.00	0.65	1
1683	104.27	12.08	0.34	1
1684	18.72	2.64	0.51	1
1685	61.82	18.00	0.64	1
1686	94.53	17.88	0.59	1
1687	3.16	18.00	0.29	1
1688	58.85	10.84	0.58	1
1689	62.24	18.00	0.54	1
1690	22.63	10.67	0.53	1
1691	78.12	18.00	0.7	1
1692	74.98	15.88	0.31	1
1693	54.97	0.00	0.65	1
1694	50.11	9.63	0.66	1
1695	41.06	5.45	0.63	1
1696	96.90	18.00	0.5	1
1697	63.18	14.23	0.44	1
1698	85.17	18.00	0.44	1
1699	9.65	18.00	0.64	1
1700	83.49	18.00	0.5	1
1701	39.80	18.00	0.4	1
1702	34.32	13.45	0.58	1
1703	84.94	0.14	0.7	1
1704	78.68	8.12	0.24	1
1705	14.38	18.00	0.78	1
1706	56.59	14.43	0.26	1
1707	32.91	0.00	0.51	1
1708	59.15	18.00	0.54	1
1709	107.54	0.00	0.28	1
1710	120.00	12.49	0.75	1
1711	120.00	14.99	0.48	1
1712	120.00	0.00	0.29	1
1713	45.40	2.25	0.63	1
1714	86.99	18.00	0.6	1
1715	86.45	17.47	0.78	1
1716	32.65	16.64	0.46	1
1717	90.17	18.00	0.36	1
1718	21.65	0.36	0.24	1
1719	61.52	18.00	0.64	1
1720	25.79	14.98	0.57	1
1721	5.81	0.00	0.78	1
1722	0.00	18.00	0.63	1
1723	55.84	18.00	0.76	1
1724	120.00	14.32	0.79	1
1725	90.90	18.00	0.46	1
1726	111.05	18.00	0.29	1
1727	31.05	0.00	0.32	1
1728	98.23	15.36	0.39	1
1729	103.38	3.28	0.51	1
1730	14.32	11.31	0.27	1
1731	12.99	18.00	0.38	1
1732	120.00	18.00	0.38	1
1733	70.48	14.01	0.2	1
1734	62.77	6.72	0.41	1
1735	74.81	0.00	0.27	1
1736	54.42	18.00	0.46	1
1737	57.43	0.00	0.32	1
1738	94.03	18.00	0.69	1
1739	48.27	11.19	0.25	1
1740	81.21	12.01	0.72	1
1741	44.50	16.34	0.55	1
1742	47.86	18.00	0.48	1
1743	13.77	18.00	0.53	1
1744	120.00	18.00	0.43	1
1745	107.33	15.76	0.28	1
1746	61.09	18.00	0.66	1
1747	48.38	17.96	0.76	1
1748	120.00	18.00	0.77	1
1749	120.00	18.00	0.6	1
1750	106.76	0.64	0.45	1
1751	95.45	18.00	0.49	1
1752	69.93	12.46	0.59	1
1753	115.20	18.00	0.69	1
1754	29.39	13.61	0.42	1
1755	2.92	13.00	0.75	1
1756	89.33	0.12	0.39	1
1757	106.99	18.00	0.52	1
1758	46.82	16.62	0.78	1
1759	15.98	18.00	0.76	1
1760	57.36	0.00	0.62	1
1761	20.62	18.00	0.39	1
1762	29.53	2.57	0.33	1
1763	102.45	18.00	0.25	1
1764	29.30	16.83	0.63	1
1765	56.79	18.00	0.5	1
1766	106.95	16.88	0.54	1
1767	63.39	0.00	0.48	1
1768	99.67	0.00	0.49	1
1769	102.81	0.00	0.54	1
1770	63.25	0.00	0.75	1
1771	42.73	0.00	0.22	1
1772	71.54	18.00	0.68	1
1773	55.12	18.00	0.43	1
1774	56.60	0.00	0.65	1
1775	76.66	18.00	0.77	1
1776	0.00	5.87	0.38	1
1777	9.26	16.48	0.25	1
1778	72.30	18.00	0.34	1
1779	83.07	17.86	0.33	1
1780	58.39	17.87	0.65	1
1781	96.02	18.00	0.24	1
1782	27.84	0.00	0.23	1
1783	30.84	0.00	0.62	1
1784	99.84	17.72	0.53	1
1785	120.00	18.00	0.45	1
1786	15.48	3.40	0.55	1
1787	56.06	18.00	0.64	1
1788	59.26	10.28	0.26	1
1789	55.38	0.00	0.53	1
1790	66.66	0.00	0.69	1
1791	1.53	9.33	0.42	1
1792	68.50	0.00	0.66	1
1793	59.71	9.57	0.71	1
1794	120.00	5.20	0.69	1
1795	113.83	6.98	0.59	1
1796	113.54	18.00	0.63	1
1797	28.30	3.09	0.67	1
1798	40.99	0.00	0.64	1
1799	0.00	0.00	0.47	1
1800	65.32	0.00	0.3	1
1801	114.38	18.00	0.39	1
1802	80.70	0.00	0.32	1
1803	58.52	0.00	0.42	1
1804	119.15	8.93	0.49	1
1805	101.41	0.00	0.78	1
1806	9.95	11.21	0.78	1
1807	61.22	0.00	0.66	1
1808	71.55	13.82	0.79	1
1809	49.57	5.67	0.8	1
1810	33.30	17.50	0.73	1
1811	106.09	0.00	0.25	1
1812	89.50	18.00	0.46	1
1813	69.54	18.00	0.52	1
1814	55.50	12.19	0.27	1
1815	0.00	2.69	0.69	1
1816	93.53	8.87	0.29	1
1817	16.03	0.00	0.43	1
1818	33.54	18.00	0.24	1
1819	26.35	0.00	0.51	1
1820	68.02	0.00	0.56	1
1821	85.63	0.00	0.64	1
1822	14.49	10.15	0.4	1
1823	115.54	14.60	0.55	1
1824	58.83	18.00	0.64	1
1825	13.08	18.00	0.66	1
1826	31.78	7.16	0.38	1
1827	24.53	18.00	0.24	1
1828	91.05	0.00	0.22	1
1829	119.95	10.59	0.66	1
1830	54.90	18.00	0.43	1
1831	70.75	18.00	0.28	1
1832	38.30	18.00	0.31	1
1833	3.71	18.00	0.66	1
1834	107.57	9.82	0.56	1
1835	11.17	0.00	0.5	1
1836	105.49	18.00	0.57	1
1837	74.71	18.00	0.28	1
1838	92.29	18.00	0.39	1
1839	74.76	1.51	0.42	1
1840	58.79	8.13	0.39	1
1841	18.13	2.41	0.72	1
1842	14.66	15.14	0.55	1
1843	11.73	0.00	0.64	1
1844	3.20	14.88	0.34	1
1845	107.59	5.92	0.36	1
1846	112.97	3.61	0.34	1
1847	52.24	8.73	0.61	1
1848	33.86	6.49	0.41	1
1849	38.58	18.00	0.44	1
1850	120.00	18.00	0.63	1
1851	117.93	18.00	0.78	1
1852	104.25	13.77	0.3	1
1853	25.67	11.49	0.24	1
1854	106.04	18.00	0.32	1
1855	96.21	11.27	0.64	1
1856	69.65	18.00	0.32	1
1857	62.47	18.00	0.55	1
1858	113.08	10.64	0.55	1
1859	77.89	12.54	0.38	1
1860	30.56	15.39	0.24	1
1861	112.67	18.00	0.44	1
1862	45.60	18.00	0.31	1
1863	120.00	0.00	0.31	1
1864	78.55	11.90	0.51	1
1865	83.15	18.00	0.6	1
1866	67.48	10.84	0.25	1
1867	110.96	18.00	0.55	1
1868	67.70	10.35	0.35	1
1869	63.60	18.00	0.6	1
1870	69.71	18.00	0.69	1
1871	27.33	0.00	0.68	1
1872	10.86	10.71	0.42	1
1873	95.38	5.74	0.54	1
1874	84.00	18.00	0.68	1
1875	52.81	18.00	0.24	1
1876	120.00	5.83	0.56	1
1877	80.32	18.00	0.7	1
1878	0.00	7.98	0.42	1
1879	120.00	10.05	0.47	1
1880	57.53	0.00	0.62	1
1881	41.35	2.14	0.24	1
1882	88.63	18.00	0.43	1
1883	95.17	0.00	0.38	1
1884	102.88	0.00	0.21	1
1885	27.81	18.00	0.32	1
1886	120.00	0.00	0.44	1
1887	86.31	13.30	0.32	1
1888	23.46	0.00	0.56	1
1889	21.91	18.00	0.47	1
1890	35.28	10.16	0.22	1
1891	88.77	18.00	0.37	1
1892	60.52	17.13	0.21	1
1893	110.81	0.00	0.41	1
1894	103.49	18.00	0.36	1
1895	9.67	18.00	0.61	1
1896	43.14	1.69	0.38	1
1897	49.81	7.77	0.43	1
1898	99.77	13.39	0.64	1
1899	120.00	18.00	0.49	1
1900	74.51	10.97	0.53	1
1901	53.87	0.00	0.7	1
1902	119.94	4.84	0.32	1
1903	73.81	18.00	0.79	1
1904	33.33	18.00	0.74	1
1905	120.00	0.00	0.37	1
1906	100.65	18.00	0.74	1
1907	4.08	18.00	0.65	1
1908	63.17	12.36	0.76	1
1909	13.30	18.00	0.61	1
1910	21.59	0.00	0.6	1
1911	50.48	1.19	0.2	1
1912	45.72	17.49	0.48	1
1913	120.00	7.40	0.32	1
1914	21.55	8.37	0.39	1
1915	86.75	7.52	0.79	1
1916	93.65	18.00	0.25	1
1917	77.40	18.00	0.63	1
1918	90.13	9.19	0.3	1
1919	37.54	18.00	0.2	1
1920	84.30	8.46	0.5	1
1921	117.14	18.00	0.3	1
1922	5.17	2.59	0.78	1
1923	44.85	18.00	0.32	1
1924	91.20	7.55	0.32	1
1925	84.21	11.61	0.22	1
1926	99.80	7.03	0.4	1
1927	10.98	18.00	0.21	1
1928	19.41	0.00	0.5	1
1929	16.71	18.00	0.5	1
1930	35.31	18.00	0.23	1
1931	77.08	1.29	0.34	1
1932	106.47	15.57	0.7	1
1933	102.38	0.00	0.48	1
1934	113.45	18.00	0.46	1
1935	65.08	2.10	0.62	1
1936	104.82	0.00	0.63	1
1937	71.70	18.00	0.66	1
1938	16.92	0.00	0.7	1
1939	61.90	0.00	0.34	1
1940	78.72	11.53	0.24	1
1941	41.33	6.95	0.43	1
1942	101.56	17.53	0.71	1
1943	87.87	17.64	0.25	1
1944	36.99	12.74	0.55	1
1945	68.08	3.12	0.62	1
1946	54.62	6.30	0.49	1
1947	57.42	10.26	0.35	1
1948	88.01	13.20	0.4	1
1949	48.14	18.00	0.24	1
1950	59.86	18.00	0.38	1
1951	91.22	18.00	0.23	1
1952	43.04	0.61	0.64	1
1953	92.20	2.51	0.74	1
1954	19.01	18.00	0.58	1
1955	66.02	2.46	0.59	1
1956	115.93	0.00	0.48	1
1957	31.70	0.00	0.29	1
1958	19.65	9.73	0.2	1
1959	94.29	18.00	0.41	1
1960	31.45	9.37	0.65	1
1961	113.31	18.00	0.78	1
1962	112.17	10.45	0.46	1
1963	96.58	0.00	0.42	1
1964	8.17	17.77	0.47	1
1965	18.78	1.76	0.46	1
1966	92.22	11.04	0.58	1
1967	86.90	0.00	0.64	1
1968	105.83	5.50	0.67	1
1969	68.94	15.03	0.59	1
1970	110.53	12.38	0.46	1
1971	49.35	18.00	0.77	1
1972	104.24	10.76	0.63	1
1973	62.00	18.00	0.46	1
1974	93.05	18.00	0.47	1
1975	11.98	18.00	0.69	1
1976	120.00	18.00	0.46	1
1977	36.85	18.00	0.51	1
1978	32.00	18.00	0.37	1
1979	26.18	18.00	0.7	1
1980	8.56	0.00	0.51	1
1981	19.97	18.00	0.53	1
1982	31.62	5.14	0.73	1
1983	71.39	1.76	0.75	1
1984	64.12	1.04	0.69	1
1985	10.01	10.26	0.24	1
1986	115.71	18.00	0.47	1
1987	12.69	8.95	0.41	1
1988	120.00	11.47	0.33	1
1989	51.31	18.00	0.75	1
1990	73.51	0.00	0.73	1
1991	23.32	18.00	0.48	1
1992	100.77	0.00	0.28	1
1993	62.56	7.17	0.21	1
1994	14.77	2.81	0.46	1
1995	21.00	17.98	0.22	1
1996	65.09	8.21	0.57	1
1997	99.09	0.84	0.57	1
1998	12.52	6.12	0.74	1
1999	120.00	16.21	0.31	1
2000	80.76	18.00	0.42	1
2001	48.02	18.00	0.72	1
2002	43.09	18.00	0.48	1
2003	39.87	18.00	0.24	1
2004	41.30	10.30	0.27	1
2005	85.94	18.00	0.69	1
2006	76.35	13.37	0.65	1
2007	86.33	0.00	0.73	1
2008	31.16	4.80	0.27	1
2009	120.00	0.00	0.66	1
2010	108.08	14.49	0.59	1
2011	58.75	0.59	0.34	1
2012	120.00	15.29	0.78	1
2013	83.01	0.31	0.54	1
2014	56.83	0.00	0.74	1
2015	58.25	4.74	0.72	1
2016	21.71	15.87	0.4	1
2017	39.00	18.00	0.52	1
2018	120.00	18.00	0.46	1
2019	114.16	13.06	0.63	1
2020	28.33	18.00	0.55	1
2021	38.56	0.00	0.67	1
2022	23.10	18.00	0.21	1
2023	120.00	0.00	0.61	1
2024	17.77	14.35	0.39	1
2025	104.40	18.00	0.33	1
2026	71.67	8.98	0.68	1
2027	26.35	0.00	0.25	1
2028	28.38	9.08	0.34	1
2029	18.78	0.00	0.32	1
2030	110.37	18.00	0.45	1
2031	105.59	18.00	0.39	1
2032	109.01	18.00	0.63	1
2033	50.07	18.00	0.62	1
2034	120.00	16.21	0.4	1
2035	98.00	3.29	0.46	1
2036	97.08	18.00	0.32	1
2037	103.65	5.48	0.6	1
2038	15.23	9.78	0.44	1
2039	97.09	6.19	0.28	1
2040	114.07	18.00	0.28	1
2041	114.05	5.23	0.39	1
2042	97.80	2.02	0.65	1
2043	65.54	1.13	0.22	1
2044	0.00	10.48	0.35	1
2045	35.28	13.27	0.3	1
2046	43.27	18.00	0.77	1
2047	111.96	18.00	0.62	1
2048	24.06	18.00	0.34	1
2049	85.23	18.00	0.32	1
2050	25.66	0.00	0.71	1
2051	29.61	18.00	0.31	1
2052	19.38	18.00	0.8	1
2053	0.00	2.68	0.37	1
2054	54.82	18.00	0.25	1
2055	93.32	16.33	0.61	1
2056	66.77	18.00	0.57	1
2057	39.87	6.40	0.8	1
2058	62.10	0.00	0.68	1
2059	28.83	17.59	0.46	1
2060	76.55	18.00	0.61	1
2061	31.27	18.00	0.69	1
2062	87.37	10.66	0.51	1
2063	33.58	0.00	0.36	1
2064	0.00	18.00	0.33	1
2065	60.09	16.69	0.38	1
2066	77.07	0.00	0.71	1
2067	61.85	0.00	0.43	1
2068	98.81	18.00	0.37	1
2069	15.22	18.00	0.68	1
2070	57.18	18.00	0.22	1
2071	50.96	18.00	0.56	1
2072	108.42	17.76	0.72	1
2073	38.50	18.00	0.45	1
2074	110.41	18.00	0.36	1
2075	17.11	18.00	0.5	1
2076	11.75	18.00	0.63	1
2077	74.37	18.00	0.51	1
2078	102.23	7.93	0.2	1
2079	30.89	7.74	0.25	1
2080	42.53	10.06	0.63	1
2081	58.98	4.93	0.44	1
2082	107.25	9.00	0.67	1
2083	98.04	0.84	0.59	1
2084	102.17	12.51	0.55	1
2085	47.34	18.00	0.74	1
2086	119.11	15.28	0.21	1
2087	26.03	3.51	0.29	1
2088	105.20	0.00	0.57	1
2089	25.05	15.76	0.24	1
2090	116.79	17.19	0.59	1
2091	45.35	6.15	0.79	1
2092	106.00	18.00	0.73	1
2093	24.23	18.00	0.55	1
2094	32.35	0.00	0.74	1
2095	84.40	18.00	0.27	1
2096	76.16	3.81	0.47	1
2097	95.40	0.00	0.46	1
2098	71.83	18.00	0.4	1
2099	39.65	0.00	0.2	1
2100	32.77	18.00	0.73	1
2101	17.63	17.61	0.67	1
2102	108.06	8.73	0.59	1
2103	80.94	9.39	0.28	1
2104	95.35	8.64	0.43	1
2105	48.37	14.08	0.75	1
2106	71.45	17.67	0.57	1
2107	48.41	0.00	0.56	1
2108	19.11	18.00	0.75	1
2109	27.13	9.04	0.54	1
2110	11.38	18.00	0.56	1
2111	29.82	18.00	0.41	1
2112	117.71	17.83	0.42	1
2113	48.40	12.48	0.61	1
2114	15.68	1.98	0.39	1
2115	97.56	0.00	0.54	1
2116	30.67	0.00	0.37	1
2117	74.21	18.00	0.3	1
2118	23.63	1.11	0.47	1
2119	119.51	18.00	0.33	1
2120	117.52	16.65	0.74	1
2121	97.29	6.00	0.38	1
2122	52.50	18.00	0.56	1
2123	66.66	18.00	0.36	1
2124	101.83	0.00	0.35	1
2125	89.54	18.00	0.41	1
2126	0.00	4.57	0.75	1
2127	50.13	18.00	0.43	1
2128	18.33	13.39	0.69	1
2129	0.00	18.00	0.32	1
2130	14.90	16.38	0.23	1
2131	120.00	0.00	0.67	1
2132	71.25	2.23	0.53	1
2133	80.74	0.34	0.5	1
2134	95.05	0.00	0.36	1
2135	58.73	0.00	0.24	1
2136	0.00	18.00	0.49	1
2137	38.08	18.00	0.72	1
2138	31.08	18.00	0.27	1
2139	35.49	12.13	0.76	1
2140	95.46	18.00	0.36	1
2141	59.67	0.00	0.52	1
2142	74.61	18.00	0.24	1
2143	0.00	10.44	0.46	1
2144	91.56	13.34	0.28	1
2145	11.91	11.28	0.23	1
2146	30.33	18.00	0.78	1
2147	120.00	3.39	0.64	1
2148	27.04	7.93	0.63	1
2149	115.39	12.90	0.25	1
2150	71.89	1.40	0.76	1
2151	70.31	18.00	0.48	1
2152	51.71	4.02	0.71	1
2153	116.24	15.46	0.21	1
2154	105.56	12.27	0.38	1
2155	54.20	3.39	0.8	1
2156	45.01	18.00	0.46	1
2157	120.00	10.91	0.73	1
2158	56.38	18.00	0.4	1
2159	38.32	18.00	0.52	1
2160	43.47	7.94	0.71	1
2161	101.35	16.98	0.56	1
2162	8.82	18.00	0.64	1
2163	28.08	9.50	0.34	1
2164	43.14	18.00	0.29	1
2165	21.07	14.16	0.34	1
2166	15.13	0.00	0.5	1
2167	90.82	12.97	0.68	1
2168	115.62	18.00	0.41	1
2169	12.98	0.00	0.54	1
2170	38.66	0.00	0.68	1
2171	56.43	18.00	0.34	1
2172	96.05	12.01	0.73	1
2173	35.43	18.00	0.77	1
2174	41.23	18.00	0.22	1
2175	54.89	0.00	0.24	1
2176	69.01	1.90	0.25	1
2177	102.82	13.66	0.67	1
2178	30.63	0.00	0.31	1
2179	35.78	0.00	0.64	1
2180	34.65	13.87	0.46	1
2181	55.36	18.00	0.7	1
2182	115.56	17.05	0.69	1
2183	109.50	18.00	0.78	1
2184	98.01	0.00	0.35	1
2185	48.18	18.00	0.34	1
2186	61.00	18.00	0.22	1
2187	96.56	18.00	0.45	1
2188	65.40	2.30	0.48	1
2189	94.87	14.22	0.78	1
2190	46.98	9.35	0.7	1
2191	38.77	18.00	0.3	1
2192	0.00	0.00	0.68	1
2193	68.91	10.95	0.31	1
2194	120.00	15.85	0.25	1
2195	26.63	0.70	0.7	1
2196	91.97	18.00	0.79	1
2197	54.63	18.00	0.25	1
2198	98.56	8.07	0.69	1
2199	89.16	0.00	0.72	1
2200	27.71	0.89	0.27	1
2201	66.27	0.00	0.37	1
2202	25.83	11.52	0.64	1
2203	104.28	18.00	0.68	1
2204	120.00	10.24	0.41	1
2205	14.80	0.00	0.3	1
2206	104.10	18.00	0.59	1
2207	69.35	18.00	0.62	1
2208	66.55	18.00	0.5	1
2209	98.99	0.00	0.29	1
2210	46.17	0.79	0.71	1
2211	113.62	13.39	0.59	1
2212	82.19	18.00	0.72	1
2213	70.40	18.00	0.76	1
2214	61.30	18.00	0.68	1
2215	23.79	18.00	0.78	1
2216	65.21	18.00	0.77	1
2217	9.14	2.97	0.57	1
2218	27.65	2.10	0.64	1
2219	120.00	0.00	0.62	1
2220	50.23	6.82	0.57	1
2221	103.20	11.67	0.21	1
2222	114.01	18.00	0.41	1
2223	3.18	9.63	0.26	1
2224	94.07	15.78	0.38	1
2225	80.43	15.23	0.24	1
2226	40.31	0.00	0.75	1
2227	116.51	18.00	0.47	1
2228	84.48	18.00	0.31	1
2229	0.00	17.06	0.55	1
2230	31.31	18.00	0.32	1
2231	30.25	0.00	0.68	1
2232	45.75	6.26	0.38	1
2233	94.01	15.88	0.39	1
2234	13.57	17.91	0.72	1
2235	120.00	12.02	0.54	1
2236	42.71	0.00	0.73	1
2237	54.03	11.21	0.45	1
2238	91.48	7.61	0.41	1
2239	44.93	18.00	0.5	1
2240	95.82	0.00	0.24	1
2241	56.85	18.00	0.29	1
2242	120.00	18.00	0.33	1
2243	106.17	18.00	0.69	1
2244	41.81	18.00	0.64	1
2245	15.10	18.00	0.32	1
2246	18.91	8.50	0.37	1
2247	115.50	18.00	0.77	1
2248	27.08	12.35	0.25	1
2249	32.24	5.07	0.53	1
2250	63.08	18.00	0.51	1
2251	37.62	0.00	0.64	1
2252	55.83	6.83	0.36	1
2253	113.61	18.00	0.76	1
2254	24.41	14.17	0.45	1
2255	30.52	18.00	0.37	1
2256	17.00	15.71	0.4	1
2257	77.31	18.00	0.41	1
2258	91.49	18.00	0.32	1
2259	109.55	18.00	0.76	1
2260	48.16	5.66	0.3	1
2261	87.21	0.00	0.73	1
2262	112.22	14.87	0.44	1
2263	11.27	13.68	0.36	1
2264	102.21	11.64	0.32	1
2265	61.75	0.00	0.5	1
2266	95.23	15.13	0.6	1
2267	120.00	0.00	0.74	1
2268	40.30	18.00	0.59	1
2269	59.69	18.00	0.49	1
2270	34.31	17.04	0.22	1
2271	79.33	7.05	0.75	1
2272	30.35	16.70	0.74	1
2273	71.31	0.00	0.43	1
2274	88.63	18.00	0.22	1
2275	12.23	18.00	0.64	1
2276	10.70	18.00	0.68	1
2277	27.74	18.00	0.53	1
2278	71.54	1.03	0.44	1
2279	112.96	18.00	0.71	1
2280	62.78	15.81	0.32	1
2281	73.79	6.54	0.46	1
2282	17.40	16.81	0.21	1
2283	65.73	18.00	0.3	1
2284	71.49	18.00	0.76	1
2285	81.58	0.00	0.55	1
2286	120.00	15.27	0.68	1
2287	93.13	18.00	0.49	1
2288	105.17	18.00	0.7	1
2289	73.70	0.00	0.52	1
2290	120.00	2.16	0.2	1
2291	0.00	5.68	0.74	1
2292	96.31	18.00	0.29	1
2293	63.72	12.53	0.47	1
2294	94.76	0.00	0.49	1
2295	11.81	0.00	0.23	1
2296	104.64	18.00	0.23	1
2297	120.00	16.14	0.66	1
2298	52.88	3.17	0.38	1
2299	13.93	0.28	0.45	1
2300	112.75	18.00	0.54	1
2301	41.32	0.00	0.42	1
2302	17.72	9.10	0.67	1
2303	76.24	18.00	0.73	1
2304	70.51	7.55	0.24	1
2305	90.48	0.00	0.58	1
2306	98.21	1.94	0.39	1
2307	120.00	18.00	0.55	1
2308	55.71	18.00	0.49	1
2309	18.73	7.24	0.4	1
2310	79.89	16.32	0.26	1
2311	49.41	0.00	0.54	1
2312	91.13	0.00	0.27	1
2313	120.00	1.18	0.29	1
2314	52.90	0.00	0.79	1
2315	0.00	6.28	0.39	1
2316	0.00	17.77	0.55	1
2317	86.96	18.00	0.36	1
2318	71.41	0.00	0.72	1
2319	8.36	18.00	0.37	1
2320	120.00	16.97	0.42	1
2321	120.00	18.00	0.57	1
2322	53.48	16.94	0.72	1
2323	91.53	18.00	0.69	1
2324	21.13	0.00	0.36	1
2325	41.34	18.00	0.7	1
2326	31.42	18.00	0.62	1
2327	71.25	18.00	0.79	1
2328	90.54	12.05	0.76	1
2329	85.46	0.00	0.52	1
2330	18.41	7.08	0.65	1
2331	94.68	9.09	0.54	1
2332	55.25	16.02	0.56	1
2333	110.40	15.04	0.26	1
2334	119.10	0.00	0.2	1
2335	47.76	1.05	0.23	1
2336	43.45	2.78	0.78	1
2337	101.49	11.19	0.28	1
2338	7.41	3.87	0.23	1
2339	84.47	18.00	0.39	1
2340	57.25	8.48	0.55	1
2341	18.74	0.00	0.77	1
2342	5.75	16.06	0.62	1
2343	8.33	18.00	0.37	1
2344	25.79	18.00	0.76	1
2345	115.81	11.09	0.22	1
2346	85.40	13.96	0.79	1
2347	22.46	9.91	0.24	1
2348	116.68	14.71	0.65	1
2349	112.90	18.00	0.23	1
2350	76.84	18.00	0.76	1
2351	60.47	16.93	0.27	1
2352	31.40	0.00	0.23	1
2353	89.17	18.00	0.73	1
2354	104.06	15.54	0.26	1
2355	83.70	0.00	0.68	1
2356	57.46	0.00	0.65	1
2357	51.90	8.06	0.56	1
2358	90.76	10.16	0.43	1
2359	101.11	18.00	0.75	1
2360	54.65	0.97	0.72	1
2361	0.00	18.00	0.46	1
2362	39.68	10.05	0.34	1
2363	120.00	8.54	0.36	1
2364	120.00	0.00	0.33	1
2365	82.14	18.00	0.52	1
2366	65.55	8.83	0.72	1
2367	32.15	0.00	0.66	1
2368	84.56	18.00	0.68	1
2369	88.43	4.63	0.47	1
2370	54.23	18.00	0.39	1
2371	20.54	18.00	0.65	1
2372	14.69	15.95	0.68	1
2373	29.79	18.00	0.62	1
2374	105.28	14.96	0.22	1
2375	6.54	18.00	0.55	1
2376	64.62	0.00	0.41	1
2377	78.21	0.00	0.32	1
2378	86.15	9.22	0.62	1
2379	28.46	18.00	0.36	1
2380	92.32	9.96	0.75	1
2381	65.32	12.38	0.38	1
2382	82.92	0.00	0.53	1
2383	0.00	17.06	0.7	1
2384	77.02	8.88	0.44	1
2385	93.34	18.00	0.7	1
2386	82.69	10.12	0.63	1
2387	19.15	0.00	0.75	1
2388	35.74	18.00	0.4	1
2389	120.00	18.00	0.26	1
2390	93.93	7.78	0.46	1
2391	113.72	0.00	0.67	1
2392	94.44	11.23	0.47	1
2393	103.38	18.00	0.36	1
2394	41.21	18.00	0.22	1
2395	80.67	0.00	0.39	1
2396	8.12	0.00	0.63	1
2397	10.48	9.05	0.29	1
2398	92.81	0.00	0.4	1
2399	25.33	18.00	0.21	1
2400	32.39	16.64	0.63	1
2401	26.59	0.77	0.73	1
2402	32.62	0.00	0.54	1
2403	35.96	18.00	0.22	1
2404	9.53	16.34	0.33	1
2405	62.70	0.00	0.46	1
2406	79.90	18.00	0.55	1
2407	36.36	0.00	0.5	1
2408	110.69	12.95	0.75	1
2409	104.79	18.00	0.76	1
2410	73.41	1.54	0.26	1
2411	104.81	12.04	0.28	1
2412	18.53	18.00	0.41	1
2413	49.57	18.00	0.45	1
2414	20.19	18.00	0.55	1
2415	66.43	14.70	0.66	1
2416	57.28	18.00	0.28	1
2417	48.54	0.00	0.68	1
2418	37.80	15.55	0.57	1
2419	28.06	0.00	0.79	1
2420	9.59	5.16	0.59	1
2421	11.71	0.00	0.63	1
2422	45.08	17.87	0.32	1
2423	10.01	0.00	0.66	1
2424	16.84	7.16	0.25	1
2425	107.33	17.03	0.59	1
2426	34.53	18.00	0.23	1
2427	120.00	18.00	0.27	1
2428	54.15	16.27	0.26	1
2429	86.85	18.00	0.23	1
2430	19.58	9.17	0.39	1
2431	32.84	12.08	0.8	1
2432	116.19	15.33	0.41	1
2433	28.64	12.73	0.66	1
2434	30.38	8.24	0.28	1
2435	13.83	16.80	0.47	1
2436	104.23	0.00	0.31	1
2437	88.28	5.03	0.32	1
2438	29.73	2.60	0.26	1
2439	21.63	18.00	0.46	1
2440	96.59	8.06	0.25	1
2441	47.15	13.82	0.75	1
2442	17.74	9.26	0.47	1
2443	104.36	1.73	0.7	1
2444	17.05	6.29	0.79	1
2445	95.46	13.09	0.61	1
2446	63.49	2.87	0.74	1
2447	120.00	9.74	0.28	1
2448	117.70	2.91	0.7	1
2449	98.70	6.19	0.36	1
2450	73.83	0.00	0.48	1
2451	104.92	0.80	0.59	1
2452	44.75	3.29	0.74	1
2453	92.40	7.63	0.75	1
2454	15.59	17.97	0.26	1
2455	24.95	18.00	0.42	1
2456	120.00	18.00	0.68	1
2457	110.58	18.00	0.62	1
2458	75.84	17.47	0.22	1
2459	36.13	18.00	0.47	1
2460	100.81	18.00	0.7	1
2461	65.93	18.00	0.64	1
2462	111.75	18.00	0.45	1
2463	56.74	9.82	0.64	1
2464	102.85	18.00	0.53	1
2465	38.33	0.34	0.75	1
2466	101.51	18.00	0.55	1
2467	0.00	0.00	0.44	1
2468	96.20	18.00	0.72	1
2469	37.21	12.13	0.23	1
2470	52.08	13.20	0.74	1
2471	71.70	18.00	0.62	1
2472	19.68	18.00	0.76	1
2473	32.65	18.00	0.35	1
2474	8.50	18.00	0.62	1
2475	45.18	18.00	0.69	1
2476	6.17	0.00	0.62	1
2477	99.48	18.00	0.33	1
2478	39.83	18.00	0.37	1
2479	86.76	0.00	0.54	1
2480	49.71	7.91	0.47	1
2481	56.82	9.46	0.64	1
2482	0.00	13.83	0.43	1
2483	93.88	12.54	0.72	1
2484	47.27	18.00	0.46	1
2485	50.58	12.80	0.22	1
2486	116.54	18.00	0.21	1
2487	79.34	13.05	0.59	1
2488	89.22	6.18	0.52	1
2489	119.53	0.00	0.53	1
2490	29.22	18.00	0.67	1
2491	31.65	18.00	0.43	1
2492	53.43	6.68	0.8	1
2493	52.55	0.00	0.77	1
2494	50.46	7.55	0.21	1
2495	35.70	3.63	0.74	1
2496	120.00	0.00	0.61	1
2497	73.38	17.78	0.5	1
2498	76.18	18.00	0.55	1
2499	56.88	0.00	0.71	1
2500	85.77	18.00	0.77	1
2501	37.05	13.40	0.54	1
2502	18.04	0.00	0.31	1
2503	51.36	18.00	0.58	1
2504	54.37	14.48	0.25	1
2505	50.63	0.00	0.58	1
2506	112.99	18.00	0.69	1
2507	85.89	18.00	0.41	1
2508	52.88	18.00	0.24	1
2509	12.87	7.02	0.62	1
2510	70.11	18.00	0.4	1
2511	93.77	13.67	0.35	1
2512	19.86	2.72	0.61	1
2513	120.00	18.00	0.78	1
2514	120.00	18.00	0.65	1
2515	118.44	0.00	0.49	1
2516	97.62	18.00	0.56	1
2517	98.02	12.64	0.29	1
2518	110.46	15.56	0.69	1
2519	93.43	18.00	0.56	1
2520	110.41	18.00	0.78	1
2521	39.81	18.00	0.79	1
2522	56.17	8.87	0.41	1
2523	2.81	18.00	0.79	1
2524	22.57	14.44	0.77	1
2525	10.72	0.00	0.58	1
2526	63.66	18.00	0.4	1
2527	31.77	0.00	0.65	1
2528	43.61	9.34	0.36	1
2529	30.29	0.00	0.58	1
2530	56.20	0.00	0.21	1
2531	15.94	13.69	0.58	1
2532	24.61	18.00	0.77	1
2533	70.81	16.60	0.34	1
2534	80.23	15.02	0.67	1
2535	86.78	16.81	0.38	1
2536	120.00	18.00	0.62	1
2537	54.69	0.00	0.62	1
2538	46.94	13.95	0.31	1
2539	120.00	18.00	0.56	1
2540	31.91	18.00	0.72	1
2541	114.06	18.00	0.43	1
2542	14.47	2.84	0.63	1
2543	50.47	0.00	0.6	1
2544	10.49	3.74	0.35	1
2545	69.62	6.81	0.75	1
2546	86.48	0.00	0.54	1
2547	105.03	3.79	0.41	1
2548	118.64	7.59	0.3	1
2549	1.19	0.00	0.48	1
2550	27.58	18.00	0.64	1
2551	7.33	7.08	0.57	1
2552	40.13	18.00	0.64	1
2553	114.36	6.39	0.68	1
2554	98.19	18.00	0.46	1
2555	35.11	18.00	0.51	1
2556	113.18	9.10	0.79	1
2557	120.00	0.00	0.78	1
2558	62.40	18.00	0.45	1
2559	36.58	16.94	0.61	1
2560	0.00	18.00	0.36	1
2561	59.56	9.93	0.29	1
2562	28.40	18.00	0.66	1
2563	44.68	9.83	0.46	1
2564	10.36	0.00	0.31	1
2565	26.98	18.00	0.66	1
2566	35.01	18.00	0.75	1
2567	25.31	14.73	0.76	1
2568	105.28	18.00	0.56	1
2569	32.55	16.21	0.49	1
2570	40.45	14.31	0.29	1
2571	23.41	5.85	0.68	1
2572	56.46	14.38	0.77	1
2573	56.00	18.00	0.73	1
2574	26.06	0.00	0.65	1
2575	61.95	0.00	0.2	1
2576	33.68	18.00	0.44	1
2577	43.40	0.00	0.45	1
2578	68.01	15.52	0.74	1
2579	40.81	10.54	0.24	1
2580	28.16	5.06	0.52	1
2581	51.31	0.00	0.28	1
2582	41.43	18.00	0.6	1
2583	102.74	15.20	0.68	1
2584	111.20	16.05	0.59	1
2585	68.13	2.06	0.68	1
2586	0.00	18.00	0.56	1
2587	106.66	4.29	0.31	1
2588	120.00	12.94	0.43	1
2589	42.60	6.72	0.77	1
2590	21.30	15.99	0.37	1
2591	58.35	0.00	0.24	1
2592	32.34	0.00	0.43	1
2593	120.00	18.00	0.42	1
2594	78.27	11.94	0.48	1
2595	9.02	0.00	0.54	1
2596	92.49	6.81	0.8	1
2597	34.89	14.49	0.65	1
2598	120.00	18.00	0.22	1
2599	46.46	10.23	0.63	1
2600	44.22	18.00	0.69	1
2601	51.92	18.00	0.74	1
2602	99.60	2.77	0.45	1
2603	40.07	6.32	0.39	1
2604	61.85	18.00	0.7	1
2605	32.37	3.22	0.67	1
2606	25.20	0.00	0.52	1
2607	80.39	6.93	0.27	1
2608	113.00	5.09	0.59	1
2609	41.48	18.00	0.24	1
2610	102.43	18.00	0.26	1
2611	20.48	18.00	0.4	1
2612	45.32	0.00	0.42	1
2613	26.04	6.72	0.48	1
2614	94.90	3.09	0.4	1
2615	44.81	18.00	0.22	1
2616	91.03	3.35	0.29	1
2617	27.44	9.85	0.27	1
2618	88.79	18.00	0.46	1
2619	88.29	0.00	0.33	1
2620	99.10	0.00	0.38	1
2621	98.95	7.18	0.48	1
2622	44.55	11.92	0.34	1
2623	113.09	8.45	0.35	1
2624	109.52	18.00	0.7	1
2625	36.89	2.25	0.53	1
2626	100.38	18.00	0.71	1
2627	41.91	11.48	0.51	1
2628	51.24	18.00	0.75	1
2629	84.85	18.00	0.35	1
2630	67.00	0.00	0.57	1
2631	80.61	18.00	0.5	1
2632	58.45	1.91	0.75	1
2633	15.22	3.92	0.45	1
2634	104.41	8.01	0.71	1
2635	82.22	18.00	0.54	1
2636	68.81	0.00	0.63	1
2637	0.00	11.96	0.73	1
2638	23.27	14.87	0.8	1
2639	20.30	14.80	0.64	1
2640	0.00	12.01	0.39	1
2641	120.00	1.29	0.38	1
2642	57.69	0.00	0.39	1
2643	34.13	18.00	0.26	1
2644	70.70	18.00	0.23	1
2645	42.18	17.18	0.55	1
2646	24.91	18.00	0.69	1
2647	66.90	14.69	0.22	1
2648	82.56	5.68	0.54	1
2649	10.14	18.00	0.42	1
2650	62.20	3.69	0.74	1
2651	69.66	8.53	0.29	1
2652	87.09	18.00	0.54	1
2653	25.90	0.00	0.78	1
2654	114.08	18.00	0.41	1
2655	106.27	18.00	0.65	1
2656	60.92	18.00	0.73	1
2657	110.40	3.31	0.31	1
2658	100.19	0.00	0.8	1
2659	5.01	0.00	0.69	1
2660	120.00	13.52	0.28	1
2661	22.68	18.00	0.39	1
2662	59.17	18.00	0.57	1
2663	21.05	0.00	0.73	1
2664	68.92	7.24	0.32	1
2665	105.11	14.87	0.64	1
2666	88.58	18.00	0.36	1
2667	107.81	11.27	0.68	1
2668	53.02	18.00	0.61	1
2669	65.09	18.00	0.51	1
2670	113.30	0.00	0.59	1
2671	113.70	0.00	0.73	1
2672	38.54	12.33	0.43	1
2673	113.02	6.44	0.66	1
2674	117.20	18.00	0.3	1
2675	11.01	18.00	0.62	1
2676	117.45	9.87	0.65	1
2677	86.06	0.00	0.47	1
2678	101.41	2.49	0.68	1
2679	36.99	18.00	0.53	1
2680	69.98	18.00	0.76	1
2681	74.13	18.00	0.27	1
2682	69.45	1.77	0.28	1
2683	111.96	4.11	0.71	1
2684	57.34	8.08	0.71	1
2685	94.51	2.02	0.48	1
2686	58.80	1.71	0.78	1
2687	110.60	0.00	0.61	1
2688	90.57	10.49	0.79	1
2689	49.29	0.71	0.52	1
2690	92.10	7.37	0.32	1
2691	25.85	0.00	0.47	1
2692	109.88	18.00	0.79	1
2693	31.63	18.00	0.42	1
2694	73.33	14.60	0.77	1
2695	117.37	18.00	0.68	1
2696	88.78	18.00	0.47	1
2697	99.87	18.00	0.53	1
2698	22.01	5.23	0.56	1
2699	97.78	0.00	0.6	1
2700	102.52	18.00	0.25	1
2701	58.07	0.00	0.76	1
2702	6.77	18.00	0.56	1
2703	71.01	12.77	0.76	1
2704	64.28	11.20	0.58	1
2705	67.64	0.00	0.46	1
2706	76.28	18.00	0.54	1
2707	67.64	7.83	0.7	1
2708	75.66	18.00	0.4	1
2709	8.75	3.77	0.77	1
2710	66.49	18.00	0.48	1
2711	77.69	18.00	0.77	1
2712	96.59	0.00	0.73	1
2713	35.57	14.71	0.66	1
2714	115.05	9.13	0.48	1
2715	85.90	9.77	0.55	1
2716	25.55	18.00	0.7	1
2717	41.28	18.00	0.53	1
2718	47.94	16.79	0.64	1
2719	120.00	9.41	0.67	1
2720	112.47	11.09	0.51	1
2721	30.90	2.30	0.52	1
2722	120.00	15.75	0.32	1
2723	31.14	18.00	0.35	1
2724	31.05	0.00	0.74	1
2725	58.65	18.00	0.7	1
2726	32.05	18.00	0.21	1
2727	41.76	15.06	0.72	1
2728	120.00	6.24	0.22	1
2729	54.65	0.00	0.47	1
2730	39.70	0.00	0.24	1
2731	58.15	18.00	0.78	1
2732	86.28	18.00	0.78	1
2733	18.35	5.03	0.57	1
2734	81.47	18.00	0.44	1
2735	51.15	18.00	0.51	1
2736	0.00	18.00	0.66	1
2737	54.91	0.00	0.33	1
2738	5.59	0.00	0.47	1
2739	53.98	14.07	0.64	1
2740	26.87	18.00	0.44	1
2741	52.91	18.00	0.22	1
2742	105.80	18.00	0.5	1
2743	6.96	18.00	0.64	1
2744	65.98	0.00	0.79	1
2745	115.25	13.47	0.22	1
2746	81.81	18.00	0.52	1
2747	119.19	14.27	0.47	1
2748	23.61	18.00	0.35	1
2749	12.16	0.00	0.58	1
2750	92.68	18.00	0.3	1
2751	38.37	0.00	0.37	1
2752	67.10	11.09	0.67	1
2753	100.01	18.00	0.48	1
2754	68.78	18.00	0.8	1
2755	10.98	0.31	0.43	1
2756	71.14	13.79	0.48	1
2757	120.00	18.00	0.38	1
2758	91.55	18.00	0.34	1
2759	20.52	0.00	0.75	1
2760	120.00	14.09	0.65	1
2761	110.89	18.00	0.4	1
2762	48.78	9.06	0.62	1
2763	50.07	0.00	0.78	1
2764	7.68	0.00	0.24	1
2765	116.83	0.00	0.36	1
2766	105.40	18.00	0.32	1
2767	89.02	9.14	0.72	1
2768	25.34	12.68	0.31	1
2769	79.60	18.00	0.38	1
2770	50.95	0.00	0.53	1
2771	107.85	5.53	0.57	1
2772	59.14	18.00	0.68	1
2773	21.95	13.59	0.44	1
2774	73.94	9.44	0.52	1
2775	80.13	0.00	0.78	1
2776	15.13	18.00	0.38	1
2777	28.41	9.19	0.35	1
2778	45.14	9.08	0.63	1
2779	49.15	18.00	0.66	1
2780	110.00	7.39	0.45	1
2781	115.72	18.00	0.33	1
2782	120.00	14.23	0.67	1
2783	120.00	18.00	0.6	1
2784	86.44	13.02	0.73	1
2785	119.58	0.00	0.71	1
2786	45.12	6.64	0.32	1
2787	14.90	18.00	0.7	1
2788	107.47	0.00	0.31	1
2789	97.03	0.71	0.72	1
2790	110.30	0.14	0.66	1
2791	94.76	1.13	0.54	1
2792	119.28	4.67	0.59	1
2793	99.75	3.34	0.26	1
2794	36.03	0.00	0.22	1
2795	32.45	18.00	0.4	1
2796	23.69	0.00	0.69	1
2797	103.94	18.00	0.48	1
2798	107.71	15.86	0.33	1
2799	28.63	18.00	0.7	1
2800	120.00	18.00	0.34	1
2801	112.36	16.19	0.69	1
2802	55.89	9.58	0.47	1
2803	92.22	0.00	0.48	1
2804	120.00	18.00	0.36	1
2805	118.51	0.01	0.74	1
2806	98.23	6.58	0.25	1
2807	103.24	13.87	0.29	1
2808	49.77	16.50	0.58	1
2809	102.60	4.99	0.71	1
2810	1.02	18.00	0.26	1
2811	21.63	18.00	0.64	1
2812	106.08	4.52	0.65	1
2813	115.01	18.00	0.55	1
2814	33.29	0.04	0.49	1
2815	55.71	15.12	0.39	1
2816	51.04	14.72	0.41	1
2817	120.00	0.00	0.6	1
2818	106.01	0.00	0.24	1
2819	9.95	18.00	0.55	1
2820	57.64	0.00	0.37	1
2821	8.26	17.22	0.48	1
2822	1.47	5.15	0.54	1
2823	17.68	10.04	0.73	1
2824	50.89	0.00	0.55	1
2825	33.45	0.00	0.34	1
2826	85.38	0.00	0.25	1
2827	6.52	18.00	0.58	1
2828	61.95	0.00	0.53	1
2829	120.00	7.35	0.6	1
2830	0.00	11.96	0.48	1
2831	26.25	18.00	0.7	1
2832	120.00	10.71	0.75	1
2833	49.83	18.00	0.22	1
2834	106.51	11.06	0.65	1
2835	0.00	18.00	0.22	1
2836	39.31	9.41	0.47	1
2837	66.83	18.00	0.48	1
2838	55.05	0.00	0.62	1
2839	105.36	12.44	0.41	1
2840	109.26	18.00	0.69	1
2841	41.67	13.42	0.41	1
2842	65.10	18.00	0.41	1
2843	11.85	18.00	0.33	1
2844	120.00	0.00	0.61	1
2845	27.31	8.91	0.25	1
2846	16.49	15.97	0.42	1
2847	54.30	7.90	0.36	1
2848	83.44	18.00	0.34	1
2849	102.62	7.51	0.24	1
2850	120.00	0.00	0.31	1
2851	110.60	18.00	0.47	1
2852	43.22	4.30	0.5	1
2853	77.15	0.28	0.36	1
2854	73.71	18.00	0.59	1
2855	91.63	18.00	0.4	1
2856	24.10	13.55	0.42	1
2857	48.84	0.00	0.67	1
2858	113.33	18.00	0.53	1
2859	103.84	0.00	0.77	1
2860	6.39	1.95	0.42	1
2861	97.83	9.43	0.7	1
2862	74.32	0.00	0.64	1
2863	79.76	18.00	0.73	1
2864	34.75	18.00	0.77	1
2865	61.06	18.00	0.2	1
2866	100.07	18.00	0.25	1
2867	29.43	3.43	0.6	1
2868	23.67	18.00	0.43	1
2869	29.66	18.00	0.69	1
2870	49.41	18.00	0.21	1
2871	117.67	14.53	0.68	1
2872	52.12	3.44	0.28	1
2873	80.77	18.00	0.37	1
2874	107.26	18.00	0.78	1
2875	8.46	5.25	0.23	1
2876	111.86	7.41	0.41	1
2877	78.30	0.47	0.25	1
2878	24.79	0.00	0.71	1
2879	66.92	4.59	0.62	1
2880	18.10	14.21	0.68	1
2881	84.37	18.00	0.52	1
2882	52.12	5.26	0.41	1
2883	112.70	15.27	0.2	1
2884	7.22	0.00	0.37	1
2885	120.00	7.75	0.51	1
2886	17.05	11.01	0.6	1
2887	20.19	18.00	0.34	1
2888	61.59	18.00	0.28	1
2889	85.98	17.86	0.32	1
2890	62.12	2.72	0.41	1
2891	35.45	18.00	0.29	1
2892	75.06	11.12	0.29	1
2893	64.46	18.00	0.23	1
2894	44.28	0.74	0.71	1
2895	93.81	3.14	0.33	1
2896	14.08	18.00	0.69	1
2897	61.91	10.72	0.46	1
2898	34.06	7.41	0.58	1
2899	84.04	16.69	0.25	1
2900	95.49	0.00	0.55	1
2901	62.97	0.77	0.37	1
2902	120.00	7.26	0.26	1
2903	65.12	7.40	0.74	1
2904	67.77	18.00	0.56	1
2905	38.85	14.33	0.35	1
2906	47.19	10.14	0.45	1
2907	108.90	18.00	0.41	1
2908	2.03	18.00	0.62	1
2909	26.84	18.00	0.56	1
2910	62.34	0.00	0.21	1
2911	105.33	18.00	0.32	1
2912	64.63	14.47	0.49	1
2913	45.19	0.80	0.47	1
2914	117.77	18.00	0.51	1
2915	83.03	15.91	0.63	1
2916	120.00	10.17	0.61	1
2917	66.51	8.35	0.42	1
2918	34.55	9.95	0.73	1
2919	115.55	17.92	0.24	1
2920	43.78	15.41	0.55	1
2921	65.51	0.00	0.77	1
2922	93.55	18.00	0.53	1
2923	51.88	0.00	0.47	1
2924	56.65	18.00	0.28	1
2925	83.56	17.77	0.69	1
2926	69.01	18.00	0.42	1
2927	85.62	6.14	0.62	1
2928	41.30	18.00	0.32	1
2929	32.79	7.25	0.23	1
2930	37.60	18.00	0.38	1
2931	103.98	14.92	0.37	1
2932	79.98	1.07	0.72	1
2933	24.23	12.09	0.72	1
2934	62.75	4.26	0.52	1
2935	112.54	18.00	0.21	1
2936	97.22	18.00	0.34	1
2937	120.00	18.00	0.58	1
2938	45.10	18.00	0.26	1
2939	60.58	8.23	0.62	1
2940	92.50	9.41	0.21	1
2941	94.04	18.00	0.61	1
2942	44.19	11.13	0.71	1
2943	43.98	18.00	0.48	1
2944	14.25	0.00	0.7	1
2945	42.78	0.00	0.67	1
2946	106.66	18.00	0.6	1
2947	101.20	13.05	0.47	1
2948	35.25	18.00	0.36	1
2949	54.68	18.00	0.72	1
2950	96.90	9.89	0.59	1
2951	106.06	18.00	0.68	1
2952	25.86	12.87	0.53	1
2953	21.81	18.00	0.3	1
2954	111.21	18.00	0.79	1
2955	84.24	13.34	0.31	1
2956	0.00	18.00	0.75	1
2957	89.73	18.00	0.32	1
2958	57.06	0.00	0.42	1
2959	40.54	0.00	0.46	1
2960	100.96	18.00	0.75	1
2961	21.26	0.00	0.73	1
2962	104.91	18.00	0.69	1
2963	50.51	0.00	0.43	1
2964	120.00	13.29	0.2	1
2965	76.66	18.00	0.61	1
2966	14.20	14.47	0.45	1
2967	64.08	18.00	0.65	1
2968	71.44	6.86	0.68	1
2969	119.95	0.00	0.46	1
2970	29.17	18.00	0.65	1
2971	120.00	0.00	0.7	1
2972	81.78	12.05	0.76	1
2973	120.00	3.07	0.55	1
2974	8.88	2.35	0.67	1
2975	16.80	10.37	0.5	1
2976	47.64	11.94	0.22	1
2977	115.37	18.00	0.29	1
2978	120.00	18.00	0.28	1
2979	50.38	0.00	0.3	1
2980	19.37	10.40	0.21	1
2981	67.94	0.00	0.72	1
2982	39.97	18.00	0.54	1
2983	22.21	14.74	0.43	1
2984	104.55	16.23	0.45	1
2985	96.03	5.98	0.48	1
2986	117.23	10.97	0.24	1
2987	57.16	12.63	0.36	1
2988	100.49	17.89	0.71	1
2989	8.52	5.58	0.65	1
2990	67.33	7.23	0.54	1
2991	120.00	7.36	0.49	1
2992	30.29	16.05	0.36	1
2993	120.00	12.48	0.48	1
2994	117.31	18.00	0.56	1
2995	43.52	2.13	0.63	1
2996	84.26	18.00	0.3	1
2997	90.87	0.00	0.69	1
2998	23.40	18.00	0.41	1
2999	17.90	0.00	0.5	1
3000	14.72	14.28	0.56	1
3001	102.80	0.00	0.49	1
3002	93.93	18.00	0.54	1
3003	94.26	18.00	0.27	1
3004	31.75	0.08	0.46	1
3005	120.00	18.00	0.37	1
3006	111.99	5.71	0.25	1
3007	12.98	18.00	0.31	1
3008	76.19	0.00	0.56	1
3009	75.97	18.00	0.32	1
3010	87.75	18.00	0.31	1
3011	98.89	14.17	0.53	1
3012	120.00	0.00	0.74	1
3013	56.48	11.79	0.67	1
3014	47.45	10.65	0.74	1
3015	105.28	6.20	0.55	1
3016	42.01	0.00	0.45	1
3017	29.65	10.45	0.64	1
3018	62.00	18.00	0.36	1
3019	59.14	0.00	0.25	1
3020	80.13	0.00	0.41	1
3021	99.96	14.85	0.38	1
3022	120.00	3.47	0.61	1
3023	103.81	14.37	0.53	1
3024	82.32	8.98	0.28	1
3025	110.46	18.00	0.75	1
3026	120.00	16.53	0.56	1
3027	88.16	0.00	0.47	1
3028	14.49	18.00	0.76	1
3029	36.98	18.00	0.26	1
3030	120.00	0.00	0.67	1
3031	30.84	18.00	0.42	1
3032	98.04	7.67	0.62	1
3033	21.09	11.66	0.76	1
3034	49.77	13.90	0.51	1
3035	53.20	9.97	0.21	1
3036	0.00	9.83	0.22	1
3037	41.33	18.00	0.4	1
3038	113.22	0.00	0.67	1
3039	0.00	0.00	0.37	1
3040	94.36	6.42	0.4	1
3041	76.19	1.71	0.67	1
3042	99.52	7.11	0.27	1
3043	61.06	18.00	0.71	1
3044	105.34	10.04	0.36	1
3045	100.62	18.00	0.23	1
3046	24.86	18.00	0.27	1
3047	116.42	18.00	0.77	1
3048	27.18	12.57	0.47	1
3049	32.73	0.00	0.35	1
3050	109.69	0.00	0.51	1
3051	114.29	18.00	0.61	1
3052	10.61	11.45	0.39	1
3053	105.71	0.00	0.64	1
3054	26.19	18.00	0.35	1
3055	22.16	10.01	0.27	1
3056	115.45	18.00	0.53	1
3057	15.22	12.62	0.29	1
3058	80.00	18.00	0.76	1
3059	14.07	18.00	0.2	1
3060	50.58	4.77	0.65	1
3061	53.10	2.43	0.37	1
3062	105.95	18.00	0.71	1
3063	14.92	18.00	0.24	1
3064	62.87	15.26	0.77	1
3065	101.61	16.95	0.26	1
3066	0.00	10.30	0.67	1
3067	16.48	0.00	0.51	1
3068	120.00	18.00	0.46	1
3069	5.97	2.00	0.37	1
3070	82.06	18.00	0.7	1
3071	69.71	18.00	0.32	1
3072	6.64	18.00	0.63	1
3073	105.38	18.00	0.47	1
3074	58.48	18.00	0.8	1
3075	108.85	18.00	0.57	1
3076	43.24	17.26	0.26	1
3077	44.93	18.00	0.45	1
3078	81.40	9.07	0.24	1
3079	16.59	16.91	0.37	1
3080	83.26	9.25	0.41	1
3081	93.99	18.00	0.71	1
3082	20.45	15.86	0.7	1
3083	97.79	0.00	0.21	1
3084	18.12	0.00	0.52	1
3085	0.00	18.00	0.33	1
3086	85.79	0.00	0.39	1
3087	92.63	18.00	0.21	1
