NAME: INS03
TYPE: REAL
DIMENSION: 100 15
RIDGES: 20
DEPOTS: 2
CROPS: 2530
TASKS: 506

NODE_COORD_SECTION
1	33.33	0.00	0.0	0
2	66.67	0.00	0.0	0
3	0.38	0.38	0.33	1
4	1.14	0.38	0.42	1
5	2.00	0.38	0.42	1
6	2.77	0.38	0.78	1
7	3.51	0.38	0.47	1
8	4.33	0.38	0.65	1
9	5.14	0.38	0.65	1
10	5.93	0.38	0.36	1
11	6.69	0.38	0.54	1
12	7.46	0.38	0.74	1
13	8.32	0.38	0.49	1
14	9.07	0.38	0.77	1
15	9.83	0.38	0.33	1
16	10.61	0.38	0.24	1
17	11.44	0.38	0.73	1
18	12.18	0.38	0.71	1
19	12.96	0.38	0.8	1
20	13.78	0.38	0.61	1
21	14.55	0.38	0.76	1
22	15.37	0.38	0.7	1
23	16.10	0.38	0.71	1
24	16.94	0.38	0.54	1
25	17.69	0.38	0.43	1
26	18.45	0.38	0.76	1
27	19.25	0.38	0.46	1
28	20.12	0.38	0.52	1
29	20.90	0.38	0.47	1
30	21.63	0.38	0.54	1
31	22.47	0.38	0.48	1
32	23.24	0.38	0.23	1
33	24.06	0.38	0.73	1
34	24.79	0.38	0.47	1
35	25.61	0.38	0.55	1
36	26.33	0.38	0.28	1
37	27.15	0.38	0.2	1
38	28.00	0.38	0.35	1
39	28.74	0.38	0.62	1
40	29.51	0.38	0.26	1
41	30.28	0.38	0.75	1
42	31.12	0.38	0.33	1
43	31.90	0.38	0.32	1
44	32.66	0.38	0.31	1
45	33.51	0.38	0.21	1
46	34.20	0.38	0.66	1
47	35.02	0.38	0.73	1
48	35.87	0.38	0.57	1
49	36.60	0.38	0.31	1
50	37.38	0.38	0.37	1
51	38.19	0.38	0.49	1
52	39.01	0.38	0.77	1
53	39.72	0.38	0.35	1
54	40.60	0.38	0.64	1
55	41.37	0.38	0.46	1
56	42.09	0.38	0.38	1
57	42.93	0.38	0.47	1
58	43.69	0.38	0.24	1
59	44.48	0.38	0.68	1
60	45.30	0.38	0.35	1
61	46.11	0.38	0.64	1
62	46.81	0.38	0.24	1
63	47.63	0.38	0.77	1
64	48.42	0.38	0.32	1
65	49.20	0.38	0.73	1
66	49.99	0.38	0.69	1
67	50.74	0.38	0.78	1
68	51.59	0.38	0.49	1
69	52.36	0.38	0.64	1
70	53.12	0.38	0.42	1
71	53.97	0.38	0.31	1
72	54.75	0.38	0.47	1
73	55.51	0.38	0.3	1
74	56.28	0.38	0.79	1
75	57.10	0.38	0.26	1
76	57.85	0.38	0.55	1
77	58.64	0.38	0.58	1
78	59.47	0.38	0.52	1
79	60.19	0.38	0.6	1
80	60.98	0.38	0.27	1
81	61.76	0.38	0.53	1
82	62.56	0.38	0.37	1
83	63.34	0.38	0.76	1
84	64.22	0.38	0.66	1
85	64.94	0.38	0.78	1
86	65.71	0.38	0.22	1
87	66.51	0.38	0.37	1
88	67.37	0.38	0.32	1
89	68.11	0.38	0.21	1
90	68.88	0.38	0.35	1
91	69.72	0.38	0.61	1
92	70.46	0.38	0.34	1
93	71.24	0.38	0.51	1
94	72.02	0.38	0.73	1
95	72.82	0.38	0.62	1
96	73.60	0.38	0.44	1
97	74.43	0.38	0.42	1
98	75.18	0.38	0.47	1
99	75.99	0.38	0.31	1
100	76.73	0.38	0.58	1
101	77.53	0.38	0.42	1
102	78.34	0.38	0.71	1
103	79.18	0.38	0.65	1
104	79.91	0.38	0.57	1
105	80.73	0.38	0.42	1
106	81.47	0.38	0.33	1
107	82.25	0.38	0.67	1
108	83.03	0.38	0.49	1
109	83.84	0.38	0.33	1
110	84.61	0.38	0.32	1
111	85.40	0.38	0.3	1
112	86.25	0.38	0.67	1
113	86.96	0.38	0.34	1
114	87.80	0.38	0.52	1
115	88.57	0.38	0.47	1
116	89.37	0.38	0.55	1
117	90.16	0.38	0.73	1
118	90.93	0.38	0.72	1
119	91.71	0.38	0.47	1
120	92.54	0.38	0.21	1
121	93.34	0.38	0.46	1
122	94.06	0.38	0.56	1
123	94.84	0.38	0.53	1
124	95.71	0.38	0.59	1
125	96.44	0.38	0.29	1
126	97.25	0.38	0.59	1
127	98.02	0.38	0.31	1
128	98.78	0.38	0.65	1
129	99.62	0.38	0.4	1
130	0.40	1.12	0.63	1
131	1.15	1.12	0.23	1
132	1.96	1.12	0.44	1
133	2.79	1.12	0.62	1
134	3.55	1.12	0.34	1
135	4.29	1.12	0.68	1
136	5.12	1.12	0.58	1
137	5.93	1.12	0.55	1
138	6.72	1.12	0.41	1
139	7.49	1.12	0.49	1
140	8.23	1.12	0.56	1
141	9.08	1.12	0.48	1
142	9.86	1.12	0.62	1
143	10.58	1.12	0.46	1
144	11.41	1.12	0.32	1
145	12.19	1.12	0.33	1
146	13.01	1.12	0.2	1
147	13.75	1.12	0.38	1
148	14.58	1.12	0.65	1
149	15.40	1.12	0.68	1
150	16.17	1.12	0.32	1
151	16.97	1.12	0.78	1
152	17.76	1.12	0.5	1
153	18.46	1.12	0.75	1
154	19.30	1.12	0.62	1
155	20.07	1.12	0.63	1
156	20.90	1.12	0.25	1
157	21.63	1.12	0.33	1
158	22.49	1.12	0.21	1
159	23.24	1.12	0.63	1
160	24.05	1.12	0.41	1
161	24.76	1.12	0.67	1
162	25.56	1.12	0.4	1
163	26.40	1.12	0.69	1
164	27.12	1.12	0.28	1
165	27.98	1.12	0.3	1
166	28.69	1.12	0.4	1
167	29.54	1.12	0.45	1
168	30.30	1.12	0.41	1
169	31.11	1.12	0.66	1
170	31.91	1.12	0.26	1
171	32.66	1.12	0.41	1
172	33.43	1.12	0.7	1
173	34.21	1.12	0.24	1
174	35.05	1.12	0.77	1
175	35.83	1.12	0.79	1
176	36.64	1.12	0.25	1
177	37.40	1.12	0.37	1
178	38.18	1.12	0.42	1
179	38.97	1.12	0.67	1
180	39.72	1.12	0.56	1
181	40.53	1.12	0.59	1
182	41.39	1.12	0.65	1
183	42.16	1.12	0.27	1
184	42.90	1.12	0.7	1
185	43.71	1.12	0.62	1
186	44.52	1.12	0.55	1
187	45.27	1.12	0.73	1
188	46.01	1.12	0.62	1
189	46.81	1.12	0.32	1
190	47.64	1.12	0.46	1
191	48.47	1.12	0.5	1
192	49.23	1.12	0.23	1
193	49.96	1.12	0.77	1
194	50.76	1.12	0.28	1
195	51.60	1.12	0.62	1
196	52.40	1.12	0.5	1
197	53.16	1.12	0.22	1
198	53.95	1.12	0.75	1
199	54.68	1.12	0.71	1
200	55.54	1.12	0.51	1
201	56.33	1.12	0.34	1
202	57.06	1.12	0.27	1
203	57.89	1.12	0.42	1
204	58.63	1.12	0.35	1
205	59.40	1.12	0.5	1
206	60.21	1.12	0.78	1
207	60.99	1.12	0.54	1
208	61.79	1.12	0.73	1
209	62.59	1.12	0.59	1
210	63.39	1.12	0.49	1
211	64.17	1.12	0.71	1
212	64.94	1.12	0.48	1
213	65.70	1.12	0.72	1
214	66.55	1.12	0.37	1
215	67.31	1.12	0.28	1
216	68.09	1.12	0.71	1
217	68.93	1.12	0.55	1
218	69.71	1.12	0.73	1
219	70.51	1.12	0.76	1
220	71.26	1.12	0.23	1
221	72.01	1.12	0.5	1
222	72.85	1.12	0.42	1
223	73.59	1.12	0.58	1
224	74.40	1.12	0.68	1
225	75.15	1.12	0.37	1
226	76.02	1.12	0.53	1
227	76.73	1.12	0.63	1
228	77.60	1.12	0.28	1
229	78.38	1.12	0.69	1
230	79.13	1.12	0.56	1
231	79.95	1.12	0.77	1
232	80.72	1.12	0.4	1
233	81.53	1.12	0.26	1
234	82.28	1.12	0.5	1
235	83.10	1.12	0.25	1
236	83.85	1.12	0.78	1
237	84.69	1.12	0.22	1
238	85.43	1.12	0.65	1
239	86.22	1.12	0.52	1
240	87.04	1.12	0.42	1
241	87.83	1.12	0.24	1
242	88.59	1.12	0.57	1
243	89.34	1.12	0.55	1
244	90.15	1.12	0.37	1
245	90.99	1.12	0.75	1
246	91.76	1.12	0.38	1
247	92.55	1.12	0.47	1
248	93.26	1.12	0.53	1
249	94.09	1.12	0.26	1
250	94.90	1.12	0.76	1
251	95.70	1.12	0.42	1
252	96.41	1.12	0.25	1
253	97.28	1.12	0.43	1
254	98.04	1.12	0.56	1
255	98.79	1.12	0.51	1
256	99.59	1.12	0.62	1
257	0.37	1.88	0.23	1
258	1.18	1.88	0.37	1
259	1.92	1.88	0.69	1
260	2.72	1.88	0.25	1
261	3.57	1.88	0.71	1
262	4.29	1.88	0.26	1
263	5.09	1.88	0.7	1
264	5.90	1.88	0.42	1
265	6.69	1.88	0.57	1
266	7.51	1.88	0.29	1
267	8.26	1.88	0.24	1
268	9.08	1.88	0.33	1
269	9.85	1.88	0.28	1
270	10.59	1.88	0.39	1
271	11.38	1.88	0.51	1
272	12.20	1.88	0.55	1
273	12.98	1.88	0.67	1
274	13.80	1.88	0.59	1
275	14.58	1.88	0.57	1
276	15.34	1.88	0.45	1
277	16.11	1.88	0.48	1
278	16.90	1.88	0.45	1
279	17.72	1.88	0.71	1
280	18.50	1.88	0.34	1
281	19.29	1.88	0.2	1
282	20.05	1.88	0.59	1
283	20.88	1.88	0.32	1
284	21.69	1.88	0.73	1
285	22.42	1.88	0.72	1
286	23.23	1.88	0.25	1
287	24.06	1.88	0.26	1
288	24.79	1.88	0.5	1
289	25.60	1.88	0.57	1
290	26.34	1.88	0.36	1
291	27.18	1.88	0.63	1
292	27.91	1.88	0.56	1
293	28.79	1.88	0.39	1
294	29.55	1.88	0.22	1
295	30.34	1.88	0.65	1
296	31.12	1.88	0.33	1
297	31.90	1.88	0.7	1
298	32.67	1.88	0.45	1
299	33.50	1.88	0.55	1
300	34.30	1.88	0.72	1
301	35.04	1.88	0.72	1
302	35.87	1.88	0.42	1
303	36.62	1.88	0.33	1
304	37.41	1.88	0.67	1
305	38.18	1.88	0.46	1
306	38.95	1.88	0.32	1
307	39.71	1.88	0.74	1
308	40.53	1.88	0.32	1
309	41.34	1.88	0.22	1
310	42.11	1.88	0.21	1
311	42.91	1.88	0.57	1
312	43.75	1.88	0.6	1
313	44.47	1.88	0.39	1
314	45.27	1.88	0.39	1
315	46.03	1.88	0.4	1
316	46.81	1.88	0.61	1
317	47.67	1.88	0.23	1
318	48.43	1.88	0.76	1
319	49.24	1.88	0.33	1
320	49.96	1.88	0.8	1
321	50.79	1.88	0.3	1
322	51.55	1.88	0.66	1
323	52.34	1.88	0.33	1
324	53.10	1.88	0.25	1
325	53.90	1.88	0.72	1
326	54.71	1.88	0.72	1
327	55.47	1.88	0.44	1
328	56.35	1.88	0.62	1
329	57.07	1.88	0.53	1
330	57.84	1.88	0.71	1
331	58.63	1.88	0.39	1
332	59.46	1.88	0.51	1
333	60.19	1.88	0.49	1
334	61.06	1.88	0.41	1
335	61.86	1.88	0.73	1
336	62.57	1.88	0.3	1
337	63.38	1.88	0.29	1
338	64.13	1.88	0.55	1
339	64.97	1.88	0.59	1
340	65.74	1.88	0.32	1
341	66.51	1.88	0.43	1
342	67.29	1.88	0.77	1
343	68.13	1.88	0.35	1
344	68.89	1.88	0.6	1
345	69.65	1.88	0.64	1
346	70.49	1.88	0.47	1
347	71.27	1.88	0.76	1
348	72.08	1.88	0.64	1
349	72.80	1.88	0.47	1
350	73.65	1.88	0.54	1
351	74.43	1.88	0.62	1
352	75.16	1.88	0.56	1
353	76.00	1.88	0.73	1
354	76.77	1.88	0.41	1
355	77.60	1.88	0.38	1
356	78.31	1.88	0.33	1
357	79.15	1.88	0.22	1
358	79.91	1.88	0.23	1
359	80.75	1.88	0.72	1
360	81.48	1.88	0.61	1
361	82.33	1.88	0.6	1
362	83.11	1.88	0.57	1
363	83.84	1.88	0.71	1
364	84.68	1.88	0.49	1
365	85.48	1.88	0.72	1
366	86.20	1.88	0.42	1
367	87.00	1.88	0.76	1
368	87.80	1.88	0.62	1
369	88.56	1.88	0.35	1
370	89.32	1.88	0.54	1
371	90.13	1.88	0.52	1
372	90.92	1.88	0.28	1
373	91.73	1.88	0.55	1
374	92.49	1.88	0.39	1
375	93.34	1.88	0.23	1
376	94.11	1.88	0.77	1
377	94.84	1.88	0.58	1
378	95.68	1.88	0.73	1
379	96.47	1.88	0.61	1
380	97.29	1.88	0.41	1
381	97.98	1.88	0.51	1
382	98.79	1.88	0.61	1
383	99.65	1.88	0.78	1
384	0.44	2.62	0.35	1
385	1.20	2.62	0.72	1
386	2.00	2.62	0.75	1
387	2.72	2.62	0.6	1
388	3.54	2.62	0.76	1
389	4.30	2.62	0.44	1
390	5.09	2.62	0.77	1
391	5.94	2.62	0.62	1
392	6.66	2.62	0.23	1
393	7.48	2.62	0.74	1
394	8.31	2.62	0.49	1
395	9.02	2.62	0.48	1
396	9.89	2.62	0.54	1
397	10.68	2.62	0.29	1
398	11.42	2.62	0.48	1
399	12.17	2.62	0.7	1
400	12.97	2.62	0.21	1
401	13.77	2.62	0.36	1
402	14.55	2.62	0.2	1
403	15.33	2.62	0.45	1
404	16.19	2.62	0.64	1
405	16.89	2.62	0.68	1
406	17.74	2.62	0.77	1
407	18.45	2.62	0.57	1
408	19.30	2.62	0.35	1
409	20.12	2.62	0.75	1
410	20.84	2.62	0.67	1
411	21.62	2.62	0.54	1
412	22.46	2.62	0.62	1
413	23.25	2.62	0.75	1
414	24.03	2.62	0.63	1
415	24.79	2.62	0.42	1
416	25.57	2.62	0.63	1
417	26.42	2.62	0.22	1
418	27.21	2.62	0.43	1
419	27.95	2.62	0.44	1
420	28.77	2.62	0.3	1
421	29.52	2.62	0.21	1
422	30.31	2.62	0.28	1
423	31.07	2.62	0.59	1
424	31.88	2.62	0.68	1
425	32.68	2.62	0.79	1
426	33.42	2.62	0.41	1
427	34.25	2.62	0.56	1
428	35.07	2.62	0.76	1
429	35.84	2.62	0.3	1
430	36.63	2.62	0.63	1
431	37.44	2.62	0.65	1
432	38.14	2.62	0.25	1
433	38.98	2.62	0.72	1
434	39.79	2.62	0.69	1
435	40.56	2.62	0.22	1
436	41.32	2.62	0.25	1
437	42.09	2.62	0.23	1
438	42.95	2.62	0.4	1
439	43.70	2.62	0.51	1
440	44.53	2.62	0.52	1
441	45.28	2.62	0.36	1
442	46.08	2.62	0.75	1
443	46.88	2.62	0.42	1
444	47.65	2.62	0.23	1
445	48.42	2.62	0.38	1
446	49.21	2.62	0.52	1
447	50.03	2.62	0.44	1
448	50.77	2.62	0.36	1
449	51.56	2.62	0.28	1
450	52.32	2.62	0.69	1
451	53.19	2.62	0.8	1
452	53.90	2.62	0.4	1
453	54.74	2.62	0.43	1
454	55.50	2.62	0.57	1
455	56.29	2.62	0.63	1
456	57.10	2.62	0.44	1
457	57.83	2.62	0.74	1
458	58.67	2.62	0.54	1
459	59.48	2.62	0.47	1
460	60.27	2.62	0.59	1
461	60.99	2.62	0.77	1
462	61.85	2.62	0.68	1
463	62.61	2.62	0.22	1
464	63.42	2.62	0.4	1
465	64.17	2.62	0.48	1
466	64.96	2.62	0.39	1
467	65.79	2.62	0.62	1
468	66.58	2.62	0.7	1
469	67.32	2.62	0.64	1
470	68.09	2.62	0.79	1
471	68.89	2.62	0.36	1
472	69.67	2.62	0.72	1
473	70.45	2.62	0.66	1
474	71.24	2.62	0.42	1
475	72.08	2.62	0.64	1
476	72.79	2.62	0.26	1
477	73.64	2.62	0.67	1
478	74.38	2.62	0.52	1
479	75.18	2.62	0.38	1
480	75.94	2.62	0.59	1
481	76.75	2.62	0.58	1
482	77.59	2.62	0.33	1
483	78.38	2.62	0.22	1
484	79.11	2.62	0.46	1
485	79.92	2.62	0.54	1
486	80.71	2.62	0.73	1
487	81.53	2.62	0.76	1
488	82.31	2.62	0.52	1
489	83.07	2.62	0.65	1
490	83.88	2.62	0.46	1
491	84.68	2.62	0.65	1
492	85.38	2.62	0.32	1
493	86.21	2.62	0.42	1
494	87.05	2.62	0.58	1
495	87.82	2.62	0.21	1
496	88.59	2.62	0.63	1
497	89.37	2.62	0.7	1
498	90.14	2.62	0.44	1
499	90.95	2.62	0.47	1
500	91.75	2.62	0.71	1
501	92.51	2.62	0.67	1
502	93.33	2.62	0.37	1
503	94.13	2.62	0.39	1
504	94.85	2.62	0.61	1
505	95.66	2.62	0.54	1
506	96.45	2.62	0.3	1
507	97.26	2.62	0.39	1
508	98.01	2.62	0.74	1
509	98.83	2.62	0.61	1
510	99.64	2.62	0.79	1
511	0.39	3.38	0.66	1
512	1.22	3.38	0.77	1
513	2.02	3.38	0.33	1
514	2.72	3.38	0.66	1
515	3.52	3.38	0.21	1
516	4.38	3.38	0.6	1
517	5.16	3.38	0.48	1
518	5.87	3.38	0.41	1
519	6.64	3.38	0.72	1
520	7.45	3.38	0.71	1
521	8.32	3.38	0.21	1
522	9.02	3.38	0.57	1
523	9.84	3.38	0.42	1
524	10.66	3.38	0.45	1
525	11.37	3.38	0.7	1
526	12.22	3.38	0.39	1
527	12.97	3.38	0.77	1
528	13.82	3.38	0.31	1
529	14.55	3.38	0.6	1
530	15.37	3.38	0.6	1
531	16.16	3.38	0.35	1
532	16.90	3.38	0.39	1
533	17.67	3.38	0.7	1
534	18.49	3.38	0.66	1
535	19.27	3.38	0.4	1
536	20.11	3.38	0.52	1
537	20.90	3.38	0.24	1
538	21.65	3.38	0.33	1
539	22.45	3.38	0.49	1
540	23.24	3.38	0.25	1
541	24.05	3.38	0.71	1
542	24.80	3.38	0.63	1
543	25.57	3.38	0.77	1
544	26.35	3.38	0.62	1
545	27.17	3.38	0.76	1
546	27.95	3.38	0.53	1
547	28.73	3.38	0.56	1
548	29.49	3.38	0.79	1
549	30.34	3.38	0.59	1
550	31.07	3.38	0.22	1
551	31.86	3.38	0.63	1
552	32.67	3.38	0.74	1
553	33.44	3.38	0.68	1
554	34.26	3.38	0.55	1
555	35.03	3.38	0.6	1
556	35.82	3.38	0.79	1
557	36.62	3.38	0.25	1
558	37.37	3.38	0.6	1
559	38.15	3.38	0.37	1
560	39.01	3.38	0.58	1
561	39.76	3.38	0.56	1
562	40.54	3.38	0.29	1
563	41.29	3.38	0.32	1
564	42.13	3.38	0.57	1
565	42.92	3.38	0.28	1
566	43.71	3.38	0.36	1
567	44.51	3.38	0.7	1
568	45.24	3.38	0.4	1
569	46.04	3.38	0.49	1
570	46.88	3.38	0.76	1
571	47.68	3.38	0.34	1
572	48.39	3.38	0.43	1
573	49.21	3.38	0.56	1
574	49.97	3.38	0.65	1
575	50.74	3.38	0.74	1
576	51.56	3.38	0.75	1
577	52.33	3.38	0.67	1
578	53.17	3.38	0.34	1
579	53.94	3.38	0.21	1
580	54.69	3.38	0.43	1
581	55.46	3.38	0.28	1
582	56.33	3.38	0.63	1
583	57.05	3.38	0.6	1
584	57.88	3.38	0.23	1
585	58.65	3.38	0.7	1
586	59.46	3.38	0.35	1
587	60.22	3.38	0.46	1
588	60.98	3.38	0.6	1
589	61.78	3.38	0.46	1
590	62.57	3.38	0.46	1
591	63.38	3.38	0.24	1
592	64.19	3.38	0.44	1
593	64.94	3.38	0.66	1
594	65.70	3.38	0.75	1
595	66.54	3.38	0.45	1
596	67.33	3.38	0.45	1
597	68.16	3.38	0.62	1
598	68.91	3.38	0.77	1
599	69.68	3.38	0.36	1
600	70.48	3.38	0.46	1
601	71.30	3.38	0.68	1
602	72.08	3.38	0.57	1
603	72.82	3.38	0.27	1
604	73.60	3.38	0.58	1
605	74.39	3.38	0.31	1
606	75.20	3.38	0.51	1
607	76.01	3.38	0.52	1
608	76.77	3.38	0.73	1
609	77.52	3.38	0.48	1
610	78.37	3.38	0.37	1
611	79.16	3.38	0.34	1
612	79.90	3.38	0.72	1
613	80.73	3.38	0.3	1
614	81.49	3.38	0.46	1
615	82.32	3.38	0.31	1
616	83.11	3.38	0.66	1
617	83.86	3.38	0.48	1
618	84.66	3.38	0.41	1
619	85.47	3.38	0.42	1
620	86.22	3.38	0.71	1
621	86.99	3.38	0.53	1
622	87.82	3.38	0.63	1
623	88.55	3.38	0.74	1
624	89.36	3.38	0.74	1
625	90.19	3.38	0.4	1
626	90.97	3.38	0.77	1
627	91.72	3.38	0.21	1
628	92.49	3.38	0.43	1
629	93.29	3.38	0.74	1
630	94.07	3.38	0.36	1
631	94.85	3.38	0.36	1
632	95.69	3.38	0.38	1
633	96.43	3.38	0.57	1
634	97.24	3.38	0.46	1
635	98.02	3.38	0.64	1
636	98.87	3.38	0.74	1
637	99.60	3.38	0.6	1
638	0.35	4.12	0.32	1
639	1.14	4.12	0.76	1
640	1.98	4.12	0.36	1
641	2.77	4.12	0.29	1
642	3.54	4.12	0.25	1
643	4.32	4.12	0.54	1
644	5.07	4.12	0.27	1
645	5.91	4.12	0.28	1
646	6.69	4.12	0.38	1
647	7.45	4.12	0.37	1
648	8.23	4.12	0.56	1
649	9.02	4.12	0.69	1
650	9.80	4.12	0.66	1
651	10.64	4.12	0.36	1
652	11.39	4.12	0.35	1
653	12.18	4.12	0.78	1
654	12.96	4.12	0.2	1
655	13.83	4.12	0.73	1
656	14.60	4.12	0.32	1
657	15.33	4.12	0.77	1
658	16.12	4.12	0.41	1
659	16.90	4.12	0.46	1
660	17.72	4.12	0.62	1
661	18.46	4.12	0.55	1
662	19.31	4.12	0.39	1
663	20.08	4.12	0.53	1
664	20.91	4.12	0.64	1
665	21.62	4.12	0.23	1
666	22.47	4.12	0.21	1
667	23.26	4.12	0.47	1
668	23.98	4.12	0.28	1
669	24.79	4.12	0.6	1
670	25.56	4.12	0.33	1
671	26.35	4.12	0.46	1
672	27.14	4.12	0.32	1
673	27.96	4.12	0.53	1
674	28.73	4.12	0.27	1
675	29.57	4.12	0.21	1
676	30.28	4.12	0.23	1
677	31.15	4.12	0.77	1
678	31.86	4.12	0.29	1
679	32.70	4.12	0.63	1
680	33.45	4.12	0.24	1
681	34.22	4.12	0.26	1
682	35.08	4.12	0.51	1
683	35.81	4.12	0.48	1
684	36.63	4.12	0.77	1
685	37.41	4.12	0.77	1
686	38.19	4.12	0.67	1
687	38.98	4.12	0.56	1
688	39.79	4.12	0.47	1
689	40.51	4.12	0.41	1
690	41.36	4.12	0.77	1
691	42.17	4.12	0.56	1
692	42.87	4.12	0.55	1
693	43.66	4.12	0.34	1
694	44.51	4.12	0.23	1
695	45.27	4.12	0.77	1
696	46.05	4.12	0.39	1
697	46.81	4.12	0.47	1
698	47.64	4.12	0.27	1
699	48.39	4.12	0.7	1
700	49.21	4.12	0.22	1
701	50.03	4.12	0.7	1
702	50.76	4.12	0.28	1
703	51.57	4.12	0.73	1
704	52.41	4.12	0.64	1
705	53.17	4.12	0.3	1
706	53.97	4.12	0.54	1
707	54.72	4.12	0.39	1
708	55.54	4.12	0.31	1
709	56.25	4.12	0.72	1
710	57.05	4.12	0.44	1
711	57.84	4.12	0.44	1
712	58.65	4.12	0.3	1
713	59.48	4.12	0.43	1
714	60.22	4.12	0.72	1
715	61.04	4.12	0.42	1
716	61.83	4.12	0.77	1
717	62.61	4.12	0.77	1
718	63.37	4.12	0.29	1
719	64.18	4.12	0.31	1
720	64.94	4.12	0.72	1
721	65.71	4.12	0.44	1
722	66.58	4.12	0.2	1
723	67.29	4.12	0.36	1
724	68.07	4.12	0.56	1
725	68.94	4.12	0.68	1
726	69.67	4.12	0.28	1
727	70.49	4.12	0.27	1
728	71.24	4.12	0.75	1
729	72.04	4.12	0.65	1
730	72.81	4.12	0.55	1
731	73.61	4.12	0.66	1
732	74.40	4.12	0.46	1
733	75.22	4.12	0.66	1
734	75.99	4.12	0.42	1
735	76.82	4.12	0.35	1
736	77.51	4.12	0.64	1
737	78.35	4.12	0.45	1
738	79.14	4.12	0.79	1
739	79.96	4.12	0.41	1
740	80.66	4.12	0.75	1
741	81.50	4.12	0.76	1
742	82.32	4.12	0.35	1
743	83.05	4.12	0.68	1
744	83.90	4.12	0.46	1
745	84.60	4.12	0.75	1
746	85.46	4.12	0.47	1
747	86.26	4.12	0.65	1
748	87.02	4.12	0.48	1
749	87.79	4.12	0.34	1
750	88.54	4.12	0.32	1
751	89.41	4.12	0.46	1
752	90.15	4.12	0.65	1
753	90.90	4.12	0.56	1
754	91.75	4.12	0.61	1
755	92.52	4.12	0.37	1
756	93.27	4.12	0.49	1
757	94.07	4.12	0.23	1
758	94.84	4.12	0.69	1
759	95.68	4.12	0.79	1
760	96.47	4.12	0.44	1
761	97.24	4.12	0.21	1
762	98.06	4.12	0.3	1
763	98.85	4.12	0.59	1
764	99.62	4.12	0.57	1
765	0.34	4.88	0.67	1
766	1.20	4.88	0.35	1
767	1.96	4.88	0.66	1
768	2.76	4.88	0.61	1
769	3.56	4.88	0.39	1
770	4.32	4.88	0.53	1
771	5.16	4.88	0.29	1
772	5.87	4.88	0.47	1
773	6.71	4.88	0.73	1
774	7.43	4.88	0.45	1
775	8.31	4.88	0.7	1
776	9.02	4.88	0.55	1
777	9.80	4.88	0.32	1
778	10.61	4.88	0.55	1
779	11.40	4.88	0.5	1
780	12.18	4.88	0.44	1
781	13.00	4.88	0.27	1
782	13.77	4.88	0.45	1
783	14.52	4.88	0.24	1
784	15.34	4.88	0.26	1
785	16.17	4.88	0.45	1
786	16.95	4.88	0.38	1
787	17.74	4.88	0.76	1
788	18.52	4.88	0.43	1
789	19.27	4.88	0.65	1
790	20.04	4.88	0.52	1
791	20.84	4.88	0.62	1
792	21.69	4.88	0.36	1
793	22.49	4.88	0.77	1
794	23.23	4.88	0.52	1
795	23.97	4.88	0.7	1
796	24.77	4.88	0.42	1
797	25.57	4.88	0.26	1
798	26.39	4.88	0.6	1
799	27.12	4.88	0.2	1
800	28.00	4.88	0.49	1
801	28.73	4.88	0.32	1
802	29.57	4.88	0.58	1
803	30.34	4.88	0.79	1
804	31.13	4.88	0.48	1
805	31.90	4.88	0.69	1
806	32.69	4.88	0.5	1
807	33.48	4.88	0.5	1
808	34.26	4.88	0.76	1
809	35.04	4.88	0.73	1
810	35.88	4.88	0.67	1
811	36.64	4.88	0.38	1
812	37.43	4.88	0.53	1
813	38.23	4.88	0.33	1
814	38.95	4.88	0.47	1
815	39.72	4.88	0.49	1
816	40.55	4.88	0.7	1
817	41.34	4.88	0.74	1
818	42.16	4.88	0.45	1
819	42.91	4.88	0.21	1
820	43.71	4.88	0.72	1
821	44.49	4.88	0.3	1
822	45.23	4.88	0.57	1
823	46.07	4.88	0.21	1
824	46.88	4.88	0.44	1
825	47.60	4.88	0.79	1
826	48.43	4.88	0.26	1
827	49.22	4.88	0.45	1
828	49.97	4.88	0.38	1
829	50.75	4.88	0.74	1
830	51.62	4.88	0.72	1
831	52.35	4.88	0.34	1
832	53.12	4.88	0.25	1
833	53.90	4.88	0.58	1
834	54.74	4.88	0.4	1
835	55.52	4.88	0.6	1
836	56.31	4.88	0.22	1
837	57.05	4.88	0.28	1
838	57.91	4.88	0.61	1
839	58.65	4.88	0.33	1
840	59.43	4.88	0.71	1
841	60.23	4.88	0.24	1
842	61.01	4.88	0.33	1
843	61.85	4.88	0.8	1
844	62.64	4.88	0.46	1
845	63.37	4.88	0.62	1
846	64.21	4.88	0.31	1
847	64.99	4.88	0.57	1
848	65.79	4.88	0.64	1
849	66.51	4.88	0.39	1
850	67.33	4.88	0.7	1
851	68.09	4.88	0.56	1
852	68.93	4.88	0.43	1
853	69.64	4.88	0.53	1
854	70.48	4.88	0.55	1
855	71.24	4.88	0.3	1
856	72.03	4.88	0.44	1
857	72.85	4.88	0.41	1
858	73.66	4.88	0.44	1
859	74.42	4.88	0.66	1
860	75.23	4.88	0.49	1
861	75.96	4.88	0.76	1
862	76.77	4.88	0.38	1
863	77.55	4.88	0.45	1
864	78.30	4.88	0.67	1
865	79.14	4.88	0.53	1
866	79.94	4.88	0.53	1
867	80.72	4.88	0.23	1
868	81.52	4.88	0.44	1
869	82.29	4.88	0.36	1
870	83.03	4.88	0.8	1
871	83.82	4.88	0.39	1
872	84.66	4.88	0.73	1
873	85.41	4.88	0.61	1
874	86.18	4.88	0.4	1
875	87.00	4.88	0.53	1
876	87.80	4.88	0.7	1
877	88.57	4.88	0.73	1
878	89.39	4.88	0.3	1
879	90.17	4.88	0.4	1
880	90.93	4.88	0.4	1
881	91.76	4.88	0.23	1
882	92.53	4.88	0.56	1
883	93.32	4.88	0.71	1
884	94.10	4.88	0.43	1
885	94.83	4.88	0.64	1
886	95.69	4.88	0.58	1
887	96.44	4.88	0.43	1
888	97.29	4.88	0.28	1
889	98.06	4.88	0.63	1
890	98.83	4.88	0.71	1
891	99.58	4.88	0.61	1
892	0.36	5.62	0.21	1
893	1.17	5.62	0.33	1
894	1.97	5.62	0.24	1
895	2.74	5.62	0.54	1
896	3.54	5.62	0.65	1
897	4.30	5.62	0.27	1
898	5.17	5.62	0.7	1
899	5.87	5.62	0.53	1
900	6.74	5.62	0.61	1
901	7.52	5.62	0.78	1
902	8.27	5.62	0.25	1
903	9.08	5.62	0.74	1
904	9.84	5.62	0.28	1
905	10.64	5.62	0.44	1
906	11.40	5.62	0.71	1
907	12.18	5.62	0.74	1
908	13.00	5.62	0.5	1
909	13.78	5.62	0.56	1
910	14.57	5.62	0.62	1
911	15.33	5.62	0.7	1
912	16.13	5.62	0.27	1
913	16.89	5.62	0.69	1
914	17.67	5.62	0.49	1
915	18.48	5.62	0.47	1
916	19.25	5.62	0.45	1
917	20.04	5.62	0.51	1
918	20.90	5.62	0.77	1
919	21.61	5.62	0.53	1
920	22.46	5.62	0.77	1
921	23.21	5.62	0.31	1
922	24.05	5.62	0.63	1
923	24.80	5.62	0.69	1
924	25.57	5.62	0.61	1
925	26.38	5.62	0.56	1
926	27.15	5.62	0.54	1
927	27.96	5.62	0.72	1
928	28.70	5.62	0.69	1
929	29.58	5.62	0.27	1
930	30.31	5.62	0.71	1
931	31.09	5.62	0.45	1
932	31.91	5.62	0.35	1
933	32.66	5.62	0.72	1
934	33.50	5.62	0.46	1
935	34.25	5.62	0.69	1
936	35.06	5.62	0.36	1
937	35.79	5.62	0.2	1
938	36.65	5.62	0.5	1
939	37.43	5.62	0.26	1
940	38.16	5.62	0.65	1
941	38.94	5.62	0.37	1
942	39.75	5.62	0.47	1
943	40.60	5.62	0.25	1
944	41.31	5.62	0.37	1
945	42.12	5.62	0.67	1
946	42.87	5.62	0.29	1
947	43.69	5.62	0.59	1
948	44.50	5.62	0.75	1
949	45.32	5.62	0.61	1
950	46.06	5.62	0.69	1
951	46.88	5.62	0.27	1
952	47.64	5.62	0.35	1
953	48.38	5.62	0.74	1
954	49.19	5.62	0.63	1
955	50.01	5.62	0.58	1
956	50.83	5.62	0.6	1
957	51.61	5.62	0.45	1
958	52.34	5.62	0.23	1
959	53.12	5.62	0.67	1
960	53.91	5.62	0.61	1
961	54.77	5.62	0.48	1
962	55.55	5.62	0.74	1
963	56.33	5.62	0.4	1
964	57.08	5.62	0.38	1
965	57.87	5.62	0.72	1
966	58.66	5.62	0.68	1
967	59.42	5.62	0.51	1
968	60.24	5.62	0.28	1
969	60.98	5.62	0.33	1
970	61.77	5.62	0.59	1
971	62.64	5.62	0.43	1
972	63.41	5.62	0.7	1
973	64.17	5.62	0.77	1
974	64.96	5.62	0.68	1
975	65.74	5.62	0.43	1
976	66.56	5.62	0.67	1
977	67.35	5.62	0.41	1
978	68.14	5.62	0.3	1
979	68.92	5.62	0.22	1
980	69.66	5.62	0.43	1
981	70.46	5.62	0.74	1
982	71.26	5.62	0.34	1
983	72.03	5.62	0.32	1
984	72.86	5.62	0.78	1
985	73.60	5.62	0.22	1
986	74.37	5.62	0.67	1
987	75.19	5.62	0.39	1
988	76.03	5.62	0.22	1
989	76.74	5.62	0.75	1
990	77.57	5.62	0.28	1
991	78.34	5.62	0.53	1
992	79.09	5.62	0.36	1
993	79.92	5.62	0.24	1
994	80.73	5.62	0.23	1
995	81.50	5.62	0.27	1
996	82.32	5.62	0.24	1
997	83.05	5.62	0.66	1
998	83.82	5.62	0.49	1
999	84.69	5.62	0.41	1
1000	85.42	5.62	0.45	1
1001	86.23	5.62	0.76	1
1002	87.04	5.62	0.75	1
1003	87.78	5.62	0.63	1
1004	88.60	5.62	0.73	1
1005	89.33	5.62	0.39	1
1006	90.14	5.62	0.43	1
1007	90.91	5.62	0.57	1
1008	91.76	5.62	0.57	1
1009	92.49	5.62	0.49	1
1010	93.33	5.62	0.44	1
1011	94.14	5.62	0.79	1
1012	94.88	5.62	0.69	1
1013	95.67	5.62	0.46	1
1014	96.45	5.62	0.64	1
1015	97.23	5.62	0.36	1
1016	98.03	5.62	0.26	1
1017	98.83	5.62	0.41	1
1018	99.65	5.62	0.44	1
1019	0.44	6.38	0.21	1
1020	1.22	6.38	0.69	1
1021	2.01	6.38	0.42	1
1022	2.75	6.38	0.55	1
1023	3.56	6.38	0.24	1
1024	4.37	6.38	0.3	1
1025	5.11	6.38	0.73	1
1026	5.95	6.38	0.57	1
1027	6.68	6.38	0.77	1
1028	7.49	6.38	0.8	1
1029	8.29	6.38	0.42	1
1030	9.10	6.38	0.38	1
1031	9.82	6.38	0.72	1
1032	10.65	6.38	0.8	1
1033	11.42	6.38	0.58	1
1034	12.18	6.38	0.68	1
1035	13.02	6.38	0.67	1
1036	13.78	6.38	0.41	1
1037	14.58	6.38	0.54	1
1038	15.34	6.38	0.7	1
1039	16.14	6.38	0.61	1
1040	16.94	6.38	0.21	1
1041	17.71	6.38	0.4	1
1042	18.47	6.38	0.29	1
1043	19.34	6.38	0.34	1
1044	20.08	6.38	0.74	1
1045	20.89	6.38	0.22	1
1046	21.64	6.38	0.33	1
1047	22.43	6.38	0.39	1
1048	23.22	6.38	0.57	1
1049	24.01	6.38	0.52	1
1050	24.81	6.38	0.33	1
1051	25.59	6.38	0.3	1
1052	26.38	6.38	0.34	1
1053	27.13	6.38	0.5	1
1054	27.95	6.38	0.36	1
1055	28.71	6.38	0.77	1
1056	29.49	6.38	0.48	1
1057	30.36	6.38	0.24	1
1058	31.11	6.38	0.64	1
1059	31.91	6.38	0.4	1
1060	32.67	6.38	0.59	1
1061	33.51	6.38	0.37	1
1062	34.27	6.38	0.54	1
1063	35.07	6.38	0.66	1
1064	35.81	6.38	0.76	1
1065	36.66	6.38	0.36	1
1066	37.43	6.38	0.4	1
1067	38.22	6.38	0.48	1
1068	38.94	6.38	0.76	1
1069	39.74	6.38	0.74	1
1070	40.53	6.38	0.25	1
1071	41.32	6.38	0.28	1
1072	42.16	6.38	0.5	1
1073	42.87	6.38	0.26	1
1074	43.66	6.38	0.41	1
1075	44.47	6.38	0.29	1
1076	45.25	6.38	0.58	1
1077	46.04	6.38	0.77	1
1078	46.88	6.38	0.8	1
1079	47.64	6.38	0.43	1
1080	48.38	6.38	0.56	1
1081	49.21	6.38	0.71	1
1082	49.99	6.38	0.27	1
1083	50.75	6.38	0.61	1
1084	51.59	6.38	0.45	1
1085	52.38	6.38	0.32	1
1086	53.17	6.38	0.44	1
1087	53.96	6.38	0.25	1
1088	54.67	6.38	0.62	1
1089	55.56	6.38	0.35	1
1090	56.33	6.38	0.39	1
1091	57.13	6.38	0.27	1
1092	57.83	6.38	0.72	1
1093	58.70	6.38	0.5	1
1094	59.48	6.38	0.54	1
1095	60.27	6.38	0.54	1
1096	60.98	6.38	0.45	1
1097	61.83	6.38	0.32	1
1098	62.64	6.38	0.65	1
1099	63.40	6.38	0.28	1
1100	64.18	6.38	0.26	1
1101	65.01	6.38	0.63	1
1102	65.74	6.38	0.33	1
1103	66.55	6.38	0.38	1
1104	67.32	6.38	0.49	1
1105	68.15	6.38	0.47	1
1106	68.86	6.38	0.63	1
1107	69.69	6.38	0.57	1
1108	70.49	6.38	0.59	1
1109	71.29	6.38	0.63	1
1110	72.06	6.38	0.38	1
1111	72.88	6.38	0.39	1
1112	73.67	6.38	0.46	1
1113	74.37	6.38	0.38	1
1114	75.19	6.38	0.79	1
1115	75.94	6.38	0.69	1
1116	76.75	6.38	0.3	1
1117	77.56	6.38	0.2	1
1118	78.39	6.38	0.23	1
1119	79.17	6.38	0.35	1
1120	79.88	6.38	0.27	1
1121	80.67	6.38	0.52	1
1122	81.50	6.38	0.71	1
1123	82.29	6.38	0.64	1
1124	83.05	6.38	0.33	1
1125	83.90	6.38	0.44	1
1126	84.69	6.38	0.5	1
1127	85.42	6.38	0.69	1
1128	86.26	6.38	0.7	1
1129	87.00	6.38	0.75	1
1130	87.82	6.38	0.51	1
1131	88.58	6.38	0.62	1
1132	89.33	6.38	0.27	1
1133	90.20	6.38	0.54	1
1134	90.94	6.38	0.35	1
1135	91.76	6.38	0.46	1
1136	92.51	6.38	0.58	1
1137	93.26	6.38	0.35	1
1138	94.05	6.38	0.23	1
1139	94.88	6.38	0.21	1
1140	95.69	6.38	0.21	1
1141	96.44	6.38	0.21	1
1142	97.26	6.38	0.27	1
1143	98.05	6.38	0.34	1
1144	98.84	6.38	0.33	1
1145	99.61	6.38	0.79	1
1146	0.44	7.12	0.38	1
1147	1.18	7.12	0.28	1
1148	1.96	7.12	0.53	1
1149	2.73	7.12	0.71	1
1150	3.52	7.12	0.61	1
1151	4.28	7.12	0.38	1
1152	5.13	7.12	0.54	1
1153	5.88	7.12	0.63	1
1154	6.67	7.12	0.64	1
1155	7.51	7.12	0.6	1
1156	8.25	7.12	0.72	1
1157	9.03	7.12	0.72	1
1158	9.81	7.12	0.55	1
1159	10.66	7.12	0.46	1
1160	11.38	7.12	0.58	1
1161	12.20	7.12	0.69	1
1162	12.99	7.12	0.2	1
1163	13.80	7.12	0.8	1
1164	14.58	7.12	0.31	1
1165	15.39	7.12	0.48	1
1166	16.10	7.12	0.72	1
1167	16.91	7.12	0.34	1
1168	17.69	7.12	0.49	1
1169	18.47	7.12	0.28	1
1170	19.27	7.12	0.44	1
1171	20.06	7.12	0.31	1
1172	20.87	7.12	0.42	1
1173	21.67	7.12	0.42	1
1174	22.43	7.12	0.8	1
1175	23.25	7.12	0.8	1
1176	24.00	7.12	0.27	1
1177	24.78	7.12	0.64	1
1178	25.59	7.12	0.23	1
1179	26.33	7.12	0.22	1
1180	27.12	7.12	0.26	1
1181	27.94	7.12	0.78	1
1182	28.78	7.12	0.76	1
1183	29.55	7.12	0.32	1
1184	30.27	7.12	0.3	1
1185	31.14	7.12	0.34	1
1186	31.91	7.12	0.51	1
1187	32.69	7.12	0.54	1
1188	33.50	7.12	0.33	1
1189	34.24	7.12	0.65	1
1190	35.01	7.12	0.39	1
1191	35.83	7.12	0.75	1
1192	36.62	7.12	0.59	1
1193	37.41	7.12	0.46	1
1194	38.20	7.12	0.67	1
1195	39.02	7.12	0.69	1
1196	39.80	7.12	0.37	1
1197	40.59	7.12	0.4	1
1198	41.37	7.12	0.76	1
1199	42.17	7.12	0.3	1
1200	42.87	7.12	0.23	1
1201	43.68	7.12	0.47	1
1202	44.49	7.12	0.68	1
1203	45.31	7.12	0.66	1
1204	46.06	7.12	0.75	1
1205	46.88	7.12	0.52	1
1206	47.60	7.12	0.26	1
1207	48.40	7.12	0.55	1
1208	49.24	7.12	0.67	1
1209	49.97	7.12	0.26	1
1210	50.77	7.12	0.3	1
1211	51.55	7.12	0.21	1
1212	52.35	7.12	0.56	1
1213	53.17	7.12	0.73	1
1214	53.92	7.12	0.6	1
1215	54.73	7.12	0.79	1
1216	55.47	7.12	0.24	1
1217	56.33	7.12	0.74	1
1218	57.07	7.12	0.69	1
1219	57.89	7.12	0.39	1
1220	58.68	7.12	0.78	1
1221	59.42	7.12	0.37	1
1222	60.27	7.12	0.73	1
1223	61.04	7.12	0.73	1
1224	61.80	7.12	0.65	1
1225	62.57	7.12	0.54	1
1226	63.43	7.12	0.27	1
1227	64.20	7.12	0.52	1
1228	64.93	7.12	0.41	1
1229	65.73	7.12	0.68	1
1230	66.57	7.12	0.65	1
1231	67.34	7.12	0.75	1
1232	68.14	7.12	0.21	1
1233	68.89	7.12	0.69	1
1234	69.71	7.12	0.76	1
1235	70.46	7.12	0.67	1
1236	71.23	7.12	0.28	1
1237	72.06	7.12	0.25	1
1238	72.88	7.12	0.21	1
1239	73.60	7.12	0.58	1
1240	74.41	7.12	0.58	1
1241	75.21	7.12	0.79	1
1242	75.99	7.12	0.44	1
1243	76.81	7.12	0.4	1
1244	77.59	7.12	0.57	1
1245	78.30	7.12	0.7	1
1246	79.18	7.12	0.76	1
1247	79.95	7.12	0.68	1
1248	80.75	7.12	0.46	1
1249	81.51	7.12	0.58	1
1250	82.32	7.12	0.71	1
1251	83.03	7.12	0.49	1
1252	83.84	7.12	0.33	1
1253	84.68	7.12	0.3	1
1254	85.40	7.12	0.2	1
1255	86.18	7.12	0.63	1
1256	87.04	7.12	0.27	1
1257	87.83	7.12	0.35	1
1258	88.55	7.12	0.38	1
1259	89.41	7.12	0.54	1
1260	90.18	7.12	0.44	1
1261	90.95	7.12	0.6	1
1262	91.77	7.12	0.23	1
1263	92.51	7.12	0.27	1
1264	93.28	7.12	0.5	1
1265	94.07	7.12	0.4	1
1266	94.88	7.12	0.38	1
1267	95.67	7.12	0.24	1
1268	96.49	7.12	0.74	1
1269	97.27	7.12	0.62	1
1270	98.04	7.12	0.27	1
1271	98.85	7.12	0.24	1
1272	99.58	7.12	0.78	1
1273	0.35	7.88	0.61	1
1274	1.22	7.88	0.45	1
1275	1.93	7.88	0.62	1
1276	2.73	7.88	0.65	1
1277	3.56	7.88	0.67	1
1278	4.32	7.88	0.49	1
1279	5.16	7.88	0.46	1
1280	5.89	7.88	0.21	1
1281	6.64	7.88	0.76	1
1282	7.46	7.88	0.56	1
1283	8.28	7.88	0.32	1
1284	9.04	7.88	0.75	1
1285	9.85	7.88	0.75	1
1286	10.67	7.88	0.79	1
1287	11.46	7.88	0.72	1
1288	12.18	7.88	0.8	1
1289	12.99	7.88	0.35	1
1290	13.78	7.88	0.71	1
1291	14.61	7.88	0.69	1
1292	15.40	7.88	0.34	1
1293	16.12	7.88	0.26	1
1294	16.95	7.88	0.79	1
1295	17.70	7.88	0.38	1
1296	18.45	7.88	0.72	1
1297	19.24	7.88	0.2	1
1298	20.07	7.88	0.21	1
1299	20.86	7.88	0.48	1
1300	21.61	7.88	0.34	1
1301	22.46	7.88	0.61	1
1302	23.21	7.88	0.54	1
1303	24.02	7.88	0.25	1
1304	24.78	7.88	0.3	1
1305	25.56	7.88	0.43	1
1306	26.37	7.88	0.31	1
1307	27.14	7.88	0.68	1
1308	27.96	7.88	0.45	1
1309	28.71	7.88	0.26	1
1310	29.53	7.88	0.49	1
1311	30.28	7.88	0.25	1
1312	31.12	7.88	0.28	1
1313	31.92	7.88	0.34	1
1314	32.64	7.88	0.72	1
1315	33.46	7.88	0.75	1
1316	34.21	7.88	0.7	1
1317	35.05	7.88	0.4	1
1318	35.80	7.88	0.36	1
1319	36.62	7.88	0.53	1
1320	37.40	7.88	0.63	1
1321	38.23	7.88	0.8	1
1322	38.98	7.88	0.28	1
1323	39.77	7.88	0.23	1
1324	40.54	7.88	0.62	1
1325	41.38	7.88	0.7	1
1326	42.15	7.88	0.71	1
1327	42.89	7.88	0.61	1
1328	43.74	7.88	0.77	1
1329	44.48	7.88	0.51	1
1330	45.31	7.88	0.75	1
1331	46.10	7.88	0.78	1
1332	46.82	7.88	0.71	1
1333	47.66	7.88	0.39	1
1334	48.40	7.88	0.32	1
1335	49.19	7.88	0.53	1
1336	49.98	7.88	0.47	1
1337	50.81	7.88	0.73	1
1338	51.55	7.88	0.26	1
1339	52.31	7.88	0.35	1
1340	53.17	7.88	0.65	1
1341	53.90	7.88	0.26	1
1342	54.68	7.88	0.39	1
1343	55.49	7.88	0.43	1
1344	56.29	7.88	0.57	1
1345	57.08	7.88	0.29	1
1346	57.83	7.88	0.72	1
1347	58.71	7.88	0.47	1
1348	59.47	7.88	0.75	1
1349	60.22	7.88	0.48	1
1350	61.01	7.88	0.37	1
1351	61.81	7.88	0.29	1
1352	62.61	7.88	0.2	1
1353	63.35	7.88	0.52	1
1354	64.14	7.88	0.26	1
1355	65.00	7.88	0.44	1
1356	65.72	7.88	0.55	1
1357	66.52	7.88	0.37	1
1358	67.36	7.88	0.31	1
1359	68.13	7.88	0.66	1
1360	68.88	7.88	0.77	1
1361	69.70	7.88	0.26	1
1362	70.42	7.88	0.29	1
1363	71.28	7.88	0.78	1
1364	72.05	7.88	0.22	1
1365	72.87	7.88	0.79	1
1366	73.67	7.88	0.2	1
1367	74.45	7.88	0.72	1
1368	75.24	7.88	0.38	1
1369	75.99	7.88	0.76	1
1370	76.76	7.88	0.39	1
1371	77.56	7.88	0.59	1
1372	78.37	7.88	0.25	1
1373	79.17	7.88	0.35	1
1374	79.89	7.88	0.66	1
1375	80.75	7.88	0.52	1
1376	81.53	7.88	0.76	1
1377	82.33	7.88	0.46	1
1378	83.11	7.88	0.72	1
1379	83.84	7.88	0.47	1
1380	84.61	7.88	0.79	1
1381	85.39	7.88	0.78	1
1382	86.20	7.88	0.4	1
1383	87.02	7.88	0.73	1
1384	87.83	7.88	0.71	1
1385	88.62	7.88	0.33	1
1386	89.38	7.88	0.57	1
1387	90.11	7.88	0.24	1
1388	90.91	7.88	0.7	1
1389	91.69	7.88	0.3	1
1390	92.51	7.88	0.24	1
1391	93.31	7.88	0.44	1
1392	94.05	7.88	0.55	1
1393	94.87	7.88	0.71	1
1394	95.64	7.88	0.78	1
1395	96.47	7.88	0.46	1
1396	97.24	7.88	0.24	1
1397	98.03	7.88	0.65	1
1398	98.81	7.88	0.54	1
1399	99.65	7.88	0.47	1
1400	0.37	8.62	0.39	1
1401	1.18	8.62	0.5	1
1402	1.99	8.62	0.4	1
1403	2.76	8.62	0.65	1
1404	3.59	8.62	0.53	1
1405	4.32	8.62	0.73	1
1406	5.11	8.62	0.53	1
1407	5.86	8.62	0.34	1
1408	6.70	8.62	0.71	1
1409	7.46	8.62	0.53	1
1410	8.23	8.62	0.32	1
1411	9.06	8.62	0.57	1
1412	9.85	8.62	0.41	1
1413	10.59	8.62	0.71	1
1414	11.44	8.62	0.47	1
1415	12.22	8.62	0.64	1
1416	12.96	8.62	0.26	1
1417	13.78	8.62	0.44	1
1418	14.59	8.62	0.79	1
1419	15.36	8.62	0.69	1
1420	16.13	8.62	0.3	1
1421	16.91	8.62	0.37	1
1422	17.73	8.62	0.4	1
1423	18.55	8.62	0.59	1
1424	19.31	8.62	0.65	1
1425	20.04	8.62	0.65	1
1426	20.86	8.62	0.51	1
1427	21.69	8.62	0.69	1
1428	22.40	8.62	0.46	1
1429	23.28	8.62	0.27	1
1430	24.06	8.62	0.54	1
1431	24.76	8.62	0.77	1
1432	25.63	8.62	0.68	1
1433	26.36	8.62	0.55	1
1434	27.20	8.62	0.59	1
1435	27.94	8.62	0.76	1
1436	28.73	8.62	0.46	1
1437	29.54	8.62	0.4	1
1438	30.34	8.62	0.79	1
1439	31.06	8.62	0.72	1
1440	31.90	8.62	0.39	1
1441	32.65	8.62	0.48	1
1442	33.45	8.62	0.45	1
1443	34.24	8.62	0.29	1
1444	35.04	8.62	0.77	1
1445	35.81	8.62	0.44	1
1446	36.57	8.62	0.73	1
1447	37.37	8.62	0.31	1
1448	38.14	8.62	0.53	1
1449	38.97	8.62	0.21	1
1450	39.81	8.62	0.66	1
1451	40.51	8.62	0.55	1
1452	41.38	8.62	0.58	1
1453	42.15	8.62	0.23	1
1454	42.93	8.62	0.33	1
1455	43.72	8.62	0.24	1
1456	44.52	8.62	0.37	1
1457	45.24	8.62	0.58	1
1458	46.06	8.62	0.54	1
1459	46.87	8.62	0.57	1
1460	47.65	8.62	0.53	1
1461	48.46	8.62	0.36	1
1462	49.17	8.62	0.35	1
1463	50.02	8.62	0.28	1
1464	50.79	8.62	0.71	1
1465	51.56	8.62	0.57	1
1466	52.35	8.62	0.31	1
1467	53.16	8.62	0.31	1
1468	53.98	8.62	0.72	1
1469	54.72	8.62	0.65	1
1470	55.54	8.62	0.6	1
1471	56.29	8.62	0.44	1
1472	57.05	8.62	0.36	1
1473	57.83	8.62	0.79	1
1474	58.62	8.62	0.68	1
1475	59.44	8.62	0.38	1
1476	60.22	8.62	0.71	1
1477	61.05	8.62	0.66	1
1478	61.84	8.62	0.38	1
1479	62.55	8.62	0.46	1
1480	63.36	8.62	0.31	1
1481	64.15	8.62	0.27	1
1482	64.97	8.62	0.63	1
1483	65.71	8.62	0.36	1
1484	66.50	8.62	0.69	1
1485	67.37	8.62	0.8	1
1486	68.14	8.62	0.25	1
1487	68.87	8.62	0.48	1
1488	69.68	8.62	0.68	1
1489	70.46	8.62	0.67	1
1490	71.29	8.62	0.66	1
1491	72.05	8.62	0.41	1
1492	72.80	8.62	0.47	1
1493	73.65	8.62	0.56	1
1494	74.40	8.62	0.78	1
1495	75.17	8.62	0.4	1
1496	75.97	8.62	0.75	1
1497	76.77	8.62	0.36	1
1498	77.54	8.62	0.79	1
1499	78.32	8.62	0.6	1
1500	79.12	8.62	0.48	1
1501	79.87	8.62	0.57	1
1502	80.74	8.62	0.36	1
1503	81.46	8.62	0.36	1
1504	82.24	8.62	0.27	1
1505	83.09	8.62	0.27	1
1506	83.89	8.62	0.41	1
1507	84.68	8.62	0.66	1
1508	85.43	8.62	0.56	1
1509	86.19	8.62	0.26	1
1510	87.03	8.62	0.71	1
1511	87.82	8.62	0.56	1
1512	88.56	8.62	0.78	1
1513	89.41	8.62	0.6	1
1514	90.12	8.62	0.31	1
1515	90.99	8.62	0.48	1
1516	91.77	8.62	0.59	1
1517	92.54	8.62	0.22	1
1518	93.35	8.62	0.21	1
1519	94.12	8.62	0.28	1
1520	94.85	8.62	0.35	1
1521	95.66	8.62	0.46	1
1522	96.41	8.62	0.49	1
1523	97.23	8.62	0.28	1
1524	98.06	8.62	0.6	1
1525	98.81	8.62	0.56	1
1526	99.59	8.62	0.38	1
1527	0.40	9.38	0.21	1
1528	1.22	9.38	0.25	1
1529	1.92	9.38	0.44	1
1530	2.74	9.38	0.29	1
1531	3.51	9.38	0.43	1
1532	4.35	9.38	0.58	1
1533	5.08	9.38	0.53	1
1534	5.92	9.38	0.34	1
1535	6.67	9.38	0.41	1
1536	7.45	9.38	0.57	1
1537	8.31	9.38	0.72	1
1538	9.01	9.38	0.65	1
1539	9.84	9.38	0.53	1
1540	10.58	9.38	0.42	1
1541	11.42	9.38	0.42	1
1542	12.20	9.38	0.73	1
1543	12.97	9.38	0.22	1
1544	13.74	9.38	0.79	1
1545	14.55	9.38	0.6	1
1546	15.37	9.38	0.61	1
1547	16.17	9.38	0.22	1
1548	16.93	9.38	0.56	1
1549	17.73	9.38	0.49	1
1550	18.47	9.38	0.26	1
1551	19.27	9.38	0.37	1
1552	20.04	9.38	0.73	1
1553	20.84	9.38	0.53	1
1554	21.63	9.38	0.45	1
1555	22.44	9.38	0.24	1
1556	23.23	9.38	0.63	1
1557	24.06	9.38	0.62	1
1558	24.77	9.38	0.57	1
1559	25.60	9.38	0.51	1
1560	26.41	9.38	0.46	1
1561	27.17	9.38	0.56	1
1562	27.93	9.38	0.34	1
1563	28.72	9.38	0.76	1
1564	29.48	9.38	0.55	1
1565	30.30	9.38	0.39	1
1566	31.13	9.38	0.47	1
1567	31.84	9.38	0.68	1
1568	32.65	9.38	0.3	1
1569	33.49	9.38	0.38	1
1570	34.28	9.38	0.61	1
1571	35.03	9.38	0.39	1
1572	35.85	9.38	0.68	1
1573	36.60	9.38	0.28	1
1574	37.37	9.38	0.66	1
1575	38.18	9.38	0.24	1
1576	38.98	9.38	0.21	1
1577	39.81	9.38	0.74	1
1578	40.51	9.38	0.55	1
1579	41.34	9.38	0.41	1
1580	42.11	9.38	0.34	1
1581	42.91	9.38	0.57	1
1582	43.65	9.38	0.51	1
1583	44.47	9.38	0.79	1
1584	45.31	9.38	0.79	1
1585	46.07	9.38	0.58	1
1586	46.85	9.38	0.47	1
1587	47.62	9.38	0.49	1
1588	48.41	9.38	0.61	1
1589	49.20	9.38	0.26	1
1590	50.03	9.38	0.4	1
1591	50.83	9.38	0.25	1
1592	51.57	9.38	0.24	1
1593	52.35	9.38	0.32	1
1594	53.18	9.38	0.49	1
1595	53.93	9.38	0.67	1
1596	54.73	9.38	0.49	1
1597	55.48	9.38	0.4	1
1598	56.32	9.38	0.25	1
1599	57.09	9.38	0.53	1
1600	57.90	9.38	0.36	1
1601	58.69	9.38	0.57	1
1602	59.42	9.38	0.79	1
1603	60.26	9.38	0.27	1
1604	61.05	9.38	0.33	1
1605	61.80	9.38	0.48	1
1606	62.57	9.38	0.78	1
1607	63.34	9.38	0.66	1
1608	64.17	9.38	0.74	1
1609	64.95	9.38	0.4	1
1610	65.75	9.38	0.8	1
1611	66.50	9.38	0.26	1
1612	67.36	9.38	0.23	1
1613	68.09	9.38	0.71	1
1614	68.87	9.38	0.76	1
1615	69.68	9.38	0.25	1
1616	70.47	9.38	0.27	1
1617	71.23	9.38	0.22	1
1618	72.02	9.38	0.26	1
1619	72.80	9.38	0.33	1
1620	73.64	9.38	0.78	1
1621	74.44	9.38	0.6	1
1622	75.19	9.38	0.67	1
1623	76.01	9.38	0.67	1
1624	76.80	9.38	0.52	1
1625	77.52	9.38	0.68	1
1626	78.39	9.38	0.56	1
1627	79.17	9.38	0.39	1
1628	79.89	9.38	0.54	1
1629	80.68	9.38	0.52	1
1630	81.46	9.38	0.69	1
1631	82.25	9.38	0.79	1
1632	83.10	9.38	0.45	1
1633	83.86	9.38	0.66	1
1634	84.67	9.38	0.26	1
1635	85.46	9.38	0.67	1
1636	86.23	9.38	0.42	1
1637	87.03	9.38	0.22	1
1638	87.75	9.38	0.42	1
1639	88.56	9.38	0.57	1
1640	89.38	9.38	0.27	1
1641	90.11	9.38	0.75	1
1642	90.90	9.38	0.25	1
1643	91.77	9.38	0.76	1
1644	92.54	9.38	0.62	1
1645	93.28	9.38	0.4	1
1646	94.11	9.38	0.43	1
1647	94.91	9.38	0.64	1
1648	95.65	9.38	0.56	1
1649	96.41	9.38	0.6	1
1650	97.29	9.38	0.43	1
1651	98.02	9.38	0.49	1
1652	98.78	9.38	0.79	1
1653	99.61	9.38	0.33	1
1654	0.42	10.12	0.45	1
1655	1.15	10.12	0.38	1
1656	1.95	10.12	0.66	1
1657	2.73	10.12	0.66	1
1658	3.59	10.12	0.38	1
1659	4.30	10.12	0.25	1
1660	5.13	10.12	0.21	1
1661	5.95	10.12	0.46	1
1662	6.66	10.12	0.45	1
1663	7.53	10.12	0.79	1
1664	8.31	10.12	0.48	1
1665	9.09	10.12	0.35	1
1666	9.81	10.12	0.73	1
1667	10.64	10.12	0.49	1
1668	11.44	10.12	0.56	1
1669	12.25	10.12	0.26	1
1670	12.96	10.12	0.43	1
1671	13.81	10.12	0.77	1
1672	14.55	10.12	0.55	1
1673	15.32	10.12	0.41	1
1674	16.13	10.12	0.58	1
1675	16.96	10.12	0.75	1
1676	17.71	10.12	0.36	1
1677	18.51	10.12	0.5	1
1678	19.34	10.12	0.78	1
1679	20.07	10.12	0.3	1
1680	20.88	10.12	0.63	1
1681	21.64	10.12	0.57	1
1682	22.43	10.12	0.61	1
1683	23.25	10.12	0.41	1
1684	24.06	10.12	0.39	1
1685	24.81	10.12	0.61	1
1686	25.62	10.12	0.33	1
1687	26.34	10.12	0.45	1
1688	27.14	10.12	0.31	1
1689	27.95	10.12	0.2	1
1690	28.69	10.12	0.78	1
1691	29.50	10.12	0.46	1
1692	30.32	10.12	0.78	1
1693	31.05	10.12	0.28	1
1694	31.87	10.12	0.55	1
1695	32.68	10.12	0.32	1
1696	33.47	10.12	0.67	1
1697	34.29	10.12	0.67	1
1698	35.05	10.12	0.27	1
1699	35.82	10.12	0.75	1
1700	36.66	10.12	0.32	1
1701	37.43	10.12	0.57	1
1702	38.16	10.12	0.79	1
1703	38.94	10.12	0.73	1
1704	39.78	10.12	0.77	1
1705	40.56	10.12	0.41	1
1706	41.37	10.12	0.26	1
1707	42.15	10.12	0.31	1
1708	42.93	10.12	0.5	1
1709	43.75	10.12	0.68	1
1710	44.49	10.12	0.29	1
1711	45.24	10.12	0.6	1
1712	46.10	10.12	0.39	1
1713	46.83	10.12	0.4	1
1714	47.67	10.12	0.6	1
1715	48.47	10.12	0.48	1
1716	49.23	10.12	0.69	1
1717	50.01	10.12	0.29	1
1718	50.78	10.12	0.67	1
1719	51.56	10.12	0.24	1
1720	52.35	10.12	0.32	1
1721	53.16	10.12	0.59	1
1722	53.96	10.12	0.71	1
1723	54.74	10.12	0.35	1
1724	55.48	10.12	0.4	1
1725	56.30	10.12	0.52	1
1726	57.12	10.12	0.33	1
1727	57.87	10.12	0.69	1
1728	58.67	10.12	0.66	1
1729	59.48	10.12	0.29	1
1730	60.25	10.12	0.48	1
1731	61.01	10.12	0.66	1
1732	61.85	10.12	0.4	1
1733	62.56	10.12	0.58	1
1734	63.44	10.12	0.23	1
1735	64.14	10.12	0.57	1
1736	64.91	10.12	0.29	1
1737	65.79	10.12	0.7	1
1738	66.51	10.12	0.41	1
1739	67.35	10.12	0.37	1
1740	68.14	10.12	0.7	1
1741	68.93	10.12	0.23	1
1742	69.73	10.12	0.44	1
1743	70.45	10.12	0.42	1
1744	71.28	10.12	0.37	1
1745	72.01	10.12	0.75	1
1746	72.83	10.12	0.65	1
1747	73.66	10.12	0.24	1
1748	74.40	10.12	0.63	1
1749	75.21	10.12	0.52	1
1750	75.98	10.12	0.74	1
1751	76.79	10.12	0.39	1
1752	77.61	10.12	0.54	1
1753	78.30	10.12	0.5	1
1754	79.14	10.12	0.49	1
1755	79.96	10.12	0.47	1
1756	80.71	10.12	0.32	1
1757	81.45	10.12	0.65	1
1758	82.29	10.12	0.47	1
1759	83.05	10.12	0.78	1
1760	83.82	10.12	0.36	1
1761	84.68	10.12	0.61	1
1762	85.44	10.12	0.76	1
1763	86.26	10.12	0.6	1
1764	87.04	10.12	0.72	1
1765	87.81	10.12	0.7	1
1766	88.53	10.12	0.42	1
1767	89.36	10.12	0.56	1
1768	90.13	10.12	0.29	1
1769	90.99	10.12	0.52	1
1770	91.70	10.12	0.34	1
1771	92.50	10.12	0.65	1
1772	93.31	10.12	0.52	1
1773	94.07	10.12	0.45	1
1774	94.85	10.12	0.36	1
1775	95.68	10.12	0.8	1
1776	96.42	10.12	0.24	1
1777	97.20	10.12	0.23	1
1778	98.02	10.12	0.33	1
1779	98.84	10.12	0.78	1
1780	99.61	10.12	0.79	1
1781	0.39	10.88	0.59	1
1782	1.19	10.88	0.73	1
1783	1.96	10.88	0.33	1
1784	2.80	10.88	0.78	1
1785	3.50	10.88	0.29	1
1786	4.35	10.88	0.26	1
1787	5.16	10.88	0.27	1
1788	5.94	10.88	0.54	1
1789	6.66	10.88	0.67	1
1790	7.46	10.88	0.42	1
1791	8.29	10.88	0.79	1
1792	9.01	10.88	0.46	1
1793	9.87	10.88	0.29	1
1794	10.65	10.88	0.48	1
1795	11.44	10.88	0.61	1
1796	12.16	10.88	0.7	1
1797	13.01	10.88	0.48	1
1798	13.80	10.88	0.56	1
1799	14.60	10.88	0.36	1
1800	15.31	10.88	0.59	1
1801	16.09	10.88	0.79	1
1802	16.92	10.88	0.23	1
1803	17.68	10.88	0.73	1
1804	18.51	10.88	0.54	1
1805	19.33	10.88	0.35	1
1806	20.07	10.88	0.77	1
1807	20.90	10.88	0.49	1
1808	21.60	10.88	0.4	1
1809	22.41	10.88	0.31	1
1810	23.18	10.88	0.35	1
1811	24.00	10.88	0.7	1
1812	24.84	10.88	0.57	1
1813	25.55	10.88	0.75	1
1814	26.39	10.88	0.34	1
1815	27.16	10.88	0.27	1
1816	28.00	10.88	0.2	1
1817	28.70	10.88	0.5	1
1818	29.50	10.88	0.8	1
1819	30.27	10.88	0.62	1
1820	31.10	10.88	0.39	1
1821	31.87	10.88	0.73	1
1822	32.71	10.88	0.67	1
1823	33.48	10.88	0.21	1
1824	34.26	10.88	0.69	1
1825	35.04	10.88	0.38	1
1826	35.79	10.88	0.29	1
1827	36.61	10.88	0.34	1
1828	37.45	10.88	0.48	1
1829	38.22	10.88	0.45	1
1830	39.02	10.88	0.37	1
1831	39.80	10.88	0.3	1
1832	40.51	10.88	0.66	1
1833	41.31	10.88	0.79	1
1834	42.08	10.88	0.67	1
1835	42.89	10.88	0.38	1
1836	43.66	10.88	0.35	1
1837	44.49	10.88	0.33	1
1838	45.29	10.88	0.28	1
1839	46.10	10.88	0.53	1
1840	46.88	10.88	0.56	1
1841	47.68	10.88	0.62	1
1842	48.38	10.88	0.61	1
1843	49.16	10.88	0.38	1
1844	50.02	10.88	0.4	1
1845	50.77	10.88	0.61	1
1846	51.55	10.88	0.41	1
1847	52.35	10.88	0.33	1
1848	53.13	10.88	0.42	1
1849	53.94	10.88	0.36	1
1850	54.72	10.88	0.25	1
1851	55.51	10.88	0.7	1
1852	56.32	10.88	0.71	1
1853	57.08	10.88	0.33	1
1854	57.85	10.88	0.24	1
1855	58.63	10.88	0.64	1
1856	59.43	10.88	0.33	1
1857	60.26	10.88	0.44	1
1858	61.05	10.88	0.24	1
1859	61.83	10.88	0.34	1
1860	62.57	10.88	0.68	1
1861	63.39	10.88	0.68	1
1862	64.18	10.88	0.32	1
1863	64.96	10.88	0.4	1
1864	65.75	10.88	0.28	1
1865	66.53	10.88	0.24	1
1866	67.33	10.88	0.8	1
1867	68.13	10.88	0.59	1
1868	68.86	10.88	0.53	1
1869	69.71	10.88	0.66	1
1870	70.44	10.88	0.7	1
1871	71.22	10.88	0.68	1
1872	72.09	10.88	0.21	1
1873	72.88	10.88	0.31	1
1874	73.58	10.88	0.59	1
1875	74.40	10.88	0.43	1
1876	75.17	10.88	0.79	1
1877	75.98	10.88	0.6	1
1878	76.80	10.88	0.77	1
1879	77.60	10.88	0.32	1
1880	78.36	10.88	0.72	1
1881	79.12	10.88	0.39	1
1882	79.93	10.88	0.79	1
1883	80.69	10.88	0.29	1
1884	81.54	10.88	0.51	1
1885	82.32	10.88	0.68	1
1886	83.08	10.88	0.46	1
1887	83.84	10.88	0.48	1
1888	84.63	10.88	0.79	1
1889	85.39	10.88	0.46	1
1890	86.25	10.88	0.56	1
1891	87.00	10.88	0.23	1
1892	87.78	10.88	0.71	1
1893	88.58	10.88	0.59	1
1894	89.40	10.88	0.44	1
1895	90.12	10.88	0.21	1
1896	90.98	10.88	0.56	1
1897	91.77	10.88	0.21	1
1898	92.56	10.88	0.2	1
1899	93.30	10.88	0.57	1
1900	94.07	10.88	0.31	1
1901	94.87	10.88	0.32	1
1902	95.65	10.88	0.59	1
1903	96.42	10.88	0.23	1
1904	97.25	10.88	0.39	1
1905	98.03	10.88	0.29	1
1906	98.86	10.88	0.55	1
1907	99.56	10.88	0.6	1
1908	0.41	11.62	0.63	1
1909	1.21	11.62	0.35	1
1910	1.99	11.62	0.25	1
1911	2.79	11.62	0.25	1
1912	3.57	11.62	0.46	1
1913	4.37	11.62	0.77	1
1914	5.10	11.62	0.33	1
1915	5.91	11.62	0.35	1
1916	6.64	11.62	0.26	1
1917	7.43	11.62	0.56	1
1918	8.24	11.62	0.61	1
1919	9.02	11.62	0.59	1
1920	9.82	11.62	0.72	1
1921	10.60	11.62	0.49	1
1922	11.37	11.62	0.28	1
1923	12.25	11.62	0.37	1
1924	12.94	11.62	0.6	1
1925	13.80	11.62	0.57	1
1926	14.53	11.62	0.52	1
1927	15.40	11.62	0.61	1
1928	16.18	11.62	0.58	1
1929	16.94	11.62	0.73	1
1930	17.73	11.62	0.55	1
1931	18.45	11.62	0.67	1
1932	19.34	11.62	0.35	1
1933	20.12	11.62	0.61	1
1934	20.91	11.62	0.74	1
1935	21.67	11.62	0.43	1
1936	22.43	11.62	0.67	1
1937	23.27	11.62	0.63	1
1938	23.99	11.62	0.24	1
1939	24.81	11.62	0.55	1
1940	25.55	11.62	0.28	1
1941	26.42	11.62	0.78	1
1942	27.13	11.62	0.69	1
1943	27.93	11.62	0.27	1
1944	28.75	11.62	0.27	1
1945	29.55	11.62	0.56	1
1946	30.33	11.62	0.41	1
1947	31.08	11.62	0.22	1
1948	31.84	11.62	0.52	1
1949	32.70	11.62	0.43	1
1950	33.51	11.62	0.26	1
1951	34.28	11.62	0.68	1
1952	35.04	11.62	0.75	1
1953	35.87	11.62	0.65	1
1954	36.61	11.62	0.69	1
1955	37.40	11.62	0.33	1
1956	38.19	11.62	0.36	1
1957	38.97	11.62	0.33	1
1958	39.79	11.62	0.66	1
1959	40.55	11.62	0.77	1
1960	41.32	11.62	0.63	1
1961	42.10	11.62	0.73	1
1962	42.87	11.62	0.58	1
1963	43.71	11.62	0.43	1
1964	44.46	11.62	0.46	1
1965	45.24	11.62	0.25	1
1966	46.08	11.62	0.22	1
1967	46.87	11.62	0.62	1
1968	47.66	11.62	0.46	1
1969	48.43	11.62	0.53	1
1970	49.25	11.62	0.53	1
1971	50.04	11.62	0.37	1
1972	50.82	11.62	0.49	1
1973	51.59	11.62	0.48	1
1974	52.34	11.62	0.43	1
1975	53.20	11.62	0.69	1
1976	53.91	11.62	0.47	1
1977	54.69	11.62	0.56	1
1978	55.51	11.62	0.74	1
1979	56.25	11.62	0.72	1
1980	57.13	11.62	0.73	1
1981	57.88	11.62	0.36	1
1982	58.67	11.62	0.22	1
1983	59.46	11.62	0.36	1
1984	60.24	11.62	0.37	1
1985	60.98	11.62	0.75	1
1986	61.82	11.62	0.59	1
1987	62.62	11.62	0.25	1
1988	63.38	11.62	0.28	1
1989	64.20	11.62	0.29	1
1990	64.93	11.62	0.58	1
1991	65.72	11.62	0.64	1
1992	66.50	11.62	0.72	1
1993	67.31	11.62	0.76	1
1994	68.14	11.62	0.32	1
1995	68.93	11.62	0.39	1
1996	69.67	11.62	0.34	1
1997	70.48	11.62	0.42	1
1998	71.28	11.62	0.75	1
1999	72.02	11.62	0.55	1
2000	72.80	11.62	0.64	1
2001	73.67	11.62	0.49	1
2002	74.42	11.62	0.22	1
2003	75.24	11.62	0.24	1
2004	75.97	11.62	0.52	1
2005	76.79	11.62	0.63	1
2006	77.53	11.62	0.33	1
2007	78.32	11.62	0.63	1
2008	79.14	11.62	0.69	1
2009	79.90	11.62	0.45	1
2010	80.68	11.62	0.65	1
2011	81.47	11.62	0.44	1
2012	82.24	11.62	0.61	1
2013	83.09	11.62	0.66	1
2014	83.86	11.62	0.8	1
2015	84.61	11.62	0.41	1
2016	85.40	11.62	0.45	1
2017	86.18	11.62	0.3	1
2018	87.02	11.62	0.32	1
2019	87.75	11.62	0.62	1
2020	88.61	11.62	0.75	1
2021	89.32	11.62	0.44	1
2022	90.13	11.62	0.31	1
2023	90.98	11.62	0.37	1
2024	91.75	11.62	0.47	1
2025	92.48	11.62	0.37	1
2026	93.34	11.62	0.34	1
2027	94.09	11.62	0.64	1
2028	94.92	11.62	0.2	1
2029	95.68	11.62	0.52	1
2030	96.47	11.62	0.68	1
2031	97.29	11.62	0.36	1
2032	98.00	11.62	0.56	1
2033	98.83	11.62	0.6	1
2034	99.60	11.62	0.59	1
2035	0.35	12.38	0.47	1
2036	1.13	12.38	0.41	1
2037	1.93	12.38	0.7	1
2038	2.77	12.38	0.66	1
2039	3.55	12.38	0.39	1
2040	4.34	12.38	0.26	1
2041	5.07	12.38	0.24	1
2042	5.90	12.38	0.26	1
2043	6.74	12.38	0.55	1
2044	7.47	12.38	0.23	1
2045	8.28	12.38	0.4	1
2046	9.08	12.38	0.65	1
2047	9.87	12.38	0.38	1
2048	10.63	12.38	0.66	1
2049	11.45	12.38	0.65	1
2050	12.19	12.38	0.35	1
2051	13.03	12.38	0.64	1
2052	13.75	12.38	0.65	1
2053	14.54	12.38	0.44	1
2054	15.31	12.38	0.33	1
2055	16.17	12.38	0.51	1
2056	16.92	12.38	0.75	1
2057	17.69	12.38	0.58	1
2058	18.48	12.38	0.3	1
2059	19.33	12.38	0.61	1
2060	20.11	12.38	0.46	1
2061	20.87	12.38	0.55	1
2062	21.67	12.38	0.64	1
2063	22.44	12.38	0.51	1
2064	23.22	12.38	0.69	1
2065	24.06	12.38	0.63	1
2066	24.77	12.38	0.57	1
2067	25.58	12.38	0.29	1
2068	26.36	12.38	0.7	1
2069	27.17	12.38	0.76	1
2070	27.95	12.38	0.28	1
2071	28.74	12.38	0.49	1
2072	29.49	12.38	0.36	1
2073	30.32	12.38	0.65	1
2074	31.08	12.38	0.63	1
2075	31.86	12.38	0.28	1
2076	32.63	12.38	0.73	1
2077	33.49	12.38	0.31	1
2078	34.24	12.38	0.68	1
2079	35.05	12.38	0.47	1
2080	35.85	12.38	0.4	1
2081	36.63	12.38	0.29	1
2082	37.40	12.38	0.3	1
2083	38.18	12.38	0.6	1
2084	38.96	12.38	0.53	1
2085	39.78	12.38	0.27	1
2086	40.55	12.38	0.27	1
2087	41.37	12.38	0.24	1
2088	42.16	12.38	0.65	1
2089	42.88	12.38	0.63	1
2090	43.66	12.38	0.24	1
2091	44.50	12.38	0.54	1
2092	45.26	12.38	0.25	1
2093	46.01	12.38	0.74	1
2094	46.89	12.38	0.74	1
2095	47.61	12.38	0.62	1
2096	48.47	12.38	0.76	1
2097	49.23	12.38	0.69	1
2098	50.03	12.38	0.7	1
2099	50.76	12.38	0.54	1
2100	51.55	12.38	0.38	1
2101	52.36	12.38	0.33	1
2102	53.12	12.38	0.4	1
2103	53.92	12.38	0.58	1
2104	54.71	12.38	0.3	1
2105	55.48	12.38	0.36	1
2106	56.27	12.38	0.48	1
2107	57.12	12.38	0.34	1
2108	57.84	12.38	0.55	1
2109	58.61	12.38	0.75	1
2110	59.46	12.38	0.65	1
2111	60.28	12.38	0.6	1
2112	61.01	12.38	0.55	1
2113	61.77	12.38	0.49	1
2114	62.61	12.38	0.31	1
2115	63.43	12.38	0.74	1
2116	64.20	12.38	0.35	1
2117	64.97	12.38	0.25	1
2118	65.73	12.38	0.65	1
2119	66.54	12.38	0.31	1
2120	67.28	12.38	0.42	1
2121	68.13	12.38	0.22	1
2122	68.92	12.38	0.28	1
2123	69.73	12.38	0.3	1
2124	70.45	12.38	0.23	1
2125	71.21	12.38	0.59	1
2126	72.05	12.38	0.7	1
2127	72.86	12.38	0.42	1
2128	73.65	12.38	0.72	1
2129	74.38	12.38	0.33	1
2130	75.17	12.38	0.4	1
2131	75.99	12.38	0.29	1
2132	76.75	12.38	0.57	1
2133	77.60	12.38	0.45	1
2134	78.34	12.38	0.57	1
2135	79.16	12.38	0.66	1
2136	79.93	12.38	0.53	1
2137	80.74	12.38	0.58	1
2138	81.48	12.38	0.76	1
2139	82.32	12.38	0.38	1
2140	83.05	12.38	0.42	1
2141	83.86	12.38	0.63	1
2142	84.62	12.38	0.57	1
2143	85.43	12.38	0.31	1
2144	86.20	12.38	0.43	1
2145	86.98	12.38	0.48	1
2146	87.84	12.38	0.45	1
2147	88.55	12.38	0.31	1
2148	89.40	12.38	0.75	1
2149	90.21	12.38	0.66	1
2150	90.90	12.38	0.49	1
2151	91.75	12.38	0.61	1
2152	92.49	12.38	0.74	1
2153	93.26	12.38	0.28	1
2154	94.08	12.38	0.35	1
2155	94.93	12.38	0.53	1
2156	95.62	12.38	0.68	1
2157	96.47	12.38	0.22	1
2158	97.24	12.38	0.79	1
2159	98.07	12.38	0.47	1
2160	98.78	12.38	0.42	1
2161	99.62	12.38	0.38	1
2162	0.41	13.12	0.3	1
2163	1.20	13.12	0.67	1
2164	2.01	13.12	0.77	1
2165	2.79	13.12	0.45	1
2166	3.50	13.12	0.77	1
2167	4.33	13.12	0.69	1
2168	5.11	13.12	0.49	1
2169	5.89	13.12	0.6	1
2170	6.69	13.12	0.46	1
2171	7.47	13.12	0.54	1
2172	8.26	13.12	0.23	1
2173	9.10	13.12	0.62	1
2174	9.80	13.12	0.23	1
2175	10.67	13.12	0.69	1
2176	11.42	13.12	0.69	1
2177	12.22	13.12	0.34	1
2178	13.03	13.12	0.39	1
2179	13.77	13.12	0.49	1
2180	14.56	13.12	0.56	1
2181	15.35	13.12	0.37	1
2182	16.13	13.12	0.56	1
2183	16.97	13.12	0.38	1
2184	17.75	13.12	0.23	1
2185	18.46	13.12	0.2	1
2186	19.25	13.12	0.26	1
2187	20.07	13.12	0.68	1
2188	20.83	13.12	0.78	1
2189	21.67	13.12	0.46	1
2190	22.41	13.12	0.51	1
2191	23.23	13.12	0.29	1
2192	23.97	13.12	0.53	1
2193	24.78	13.12	0.29	1
2194	25.61	13.12	0.57	1
2195	26.38	13.12	0.76	1
2196	27.21	13.12	0.32	1
2197	27.99	13.12	0.66	1
2198	28.73	13.12	0.21	1
2199	29.48	13.12	0.43	1
2200	30.35	13.12	0.27	1
2201	31.14	13.12	0.41	1
2202	31.92	13.12	0.3	1
2203	32.64	13.12	0.42	1
2204	33.51	13.12	0.45	1
2205	34.23	13.12	0.38	1
2206	35.06	13.12	0.59	1
2207	35.87	13.12	0.75	1
2208	36.59	13.12	0.44	1
2209	37.44	13.12	0.32	1
2210	38.17	13.12	0.36	1
2211	39.02	13.12	0.71	1
2212	39.74	13.12	0.54	1
2213	40.60	13.12	0.47	1
2214	41.29	13.12	0.29	1
2215	42.15	13.12	0.47	1
2216	42.92	13.12	0.37	1
2217	43.70	13.12	0.77	1
2218	44.46	13.12	0.73	1
2219	45.30	13.12	0.25	1
2220	46.03	13.12	0.51	1
2221	46.86	13.12	0.34	1
2222	47.61	13.12	0.45	1
2223	48.47	13.12	0.73	1
2224	49.17	13.12	0.52	1
2225	49.97	13.12	0.4	1
2226	50.76	13.12	0.32	1
2227	51.57	13.12	0.68	1
2228	52.34	13.12	0.57	1
2229	53.15	13.12	0.48	1
2230	53.97	13.12	0.33	1
2231	54.75	13.12	0.4	1
2232	55.52	13.12	0.78	1
2233	56.26	13.12	0.51	1
2234	57.11	13.12	0.44	1
2235	57.84	13.12	0.51	1
2236	58.69	13.12	0.67	1
2237	59.42	13.12	0.4	1
2238	60.23	13.12	0.31	1
2239	61.01	13.12	0.55	1
2240	61.85	13.12	0.6	1
2241	62.56	13.12	0.63	1
2242	63.39	13.12	0.73	1
2243	64.14	13.12	0.42	1
2244	64.98	13.12	0.25	1
2245	65.79	13.12	0.78	1
2246	66.53	13.12	0.46	1
2247	67.32	13.12	0.57	1
2248	68.15	13.12	0.6	1
2249	68.90	13.12	0.53	1
2250	69.68	13.12	0.32	1
2251	70.48	13.12	0.65	1
2252	71.28	13.12	0.68	1
2253	72.01	13.12	0.53	1
2254	72.87	13.12	0.49	1
2255	73.62	13.12	0.27	1
2256	74.37	13.12	0.25	1
2257	75.23	13.12	0.4	1
2258	75.97	13.12	0.39	1
2259	76.73	13.12	0.77	1
2260	77.57	13.12	0.67	1
2261	78.38	13.12	0.6	1
2262	79.17	13.12	0.51	1
2263	79.97	13.12	0.3	1
2264	80.75	13.12	0.79	1
2265	81.45	13.12	0.43	1
2266	82.27	13.12	0.26	1
2267	83.10	13.12	0.5	1
2268	83.84	13.12	0.72	1
2269	84.66	13.12	0.73	1
2270	85.44	13.12	0.21	1
2271	86.21	13.12	0.73	1
2272	87.05	13.12	0.36	1
2273	87.80	13.12	0.22	1
2274	88.58	13.12	0.71	1
2275	89.42	13.12	0.72	1
2276	90.16	13.12	0.56	1
2277	90.91	13.12	0.54	1
2278	91.73	13.12	0.69	1
2279	92.55	13.12	0.67	1
2280	93.33	13.12	0.73	1
2281	94.12	13.12	0.53	1
2282	94.90	13.12	0.78	1
2283	95.64	13.12	0.8	1
2284	96.49	13.12	0.27	1
2285	97.28	13.12	0.71	1
2286	98.00	13.12	0.5	1
2287	98.78	13.12	0.43	1
2288	99.65	13.12	0.57	1
2289	0.43	13.88	0.23	1
2290	1.22	13.88	0.5	1
2291	2.01	13.88	0.72	1
2292	2.76	13.88	0.33	1
2293	3.56	13.88	0.46	1
2294	4.34	13.88	0.76	1
2295	5.07	13.88	0.46	1
2296	5.93	13.88	0.42	1
2297	6.69	13.88	0.46	1
2298	7.50	13.88	0.51	1
2299	8.27	13.88	0.58	1
2300	9.05	13.88	0.68	1
2301	9.81	13.88	0.47	1
2302	10.61	13.88	0.69	1
2303	11.38	13.88	0.52	1
2304	12.17	13.88	0.4	1
2305	13.04	13.88	0.59	1
2306	13.74	13.88	0.63	1
2307	14.54	13.88	0.53	1
2308	15.36	13.88	0.23	1
2309	16.15	13.88	0.3	1
2310	16.89	13.88	0.37	1
2311	17.75	13.88	0.37	1
2312	18.53	13.88	0.6	1
2313	19.27	13.88	0.21	1
2314	20.06	13.88	0.65	1
2315	20.91	13.88	0.36	1
2316	21.69	13.88	0.39	1
2317	22.46	13.88	0.52	1
2318	23.19	13.88	0.33	1
2319	24.01	13.88	0.73	1
2320	24.81	13.88	0.25	1
2321	25.56	13.88	0.47	1
2322	26.37	13.88	0.71	1
2323	27.18	13.88	0.57	1
2324	27.94	13.88	0.38	1
2325	28.77	13.88	0.45	1
2326	29.56	13.88	0.62	1
2327	30.30	13.88	0.78	1
2328	31.14	13.88	0.74	1
2329	31.85	13.88	0.41	1
2330	32.71	13.88	0.8	1
2331	33.43	13.88	0.2	1
2332	34.21	13.88	0.22	1
2333	35.05	13.88	0.69	1
2334	35.82	13.88	0.32	1
2335	36.65	13.88	0.24	1
2336	37.39	13.88	0.34	1
2337	38.17	13.88	0.46	1
2338	38.98	13.88	0.64	1
2339	39.76	13.88	0.57	1
2340	40.54	13.88	0.34	1
2341	41.36	13.88	0.5	1
2342	42.15	13.88	0.76	1
2343	42.95	13.88	0.69	1
2344	43.75	13.88	0.39	1
2345	44.46	13.88	0.79	1
2346	45.30	13.88	0.63	1
2347	46.05	13.88	0.24	1
2348	46.87	13.88	0.22	1
2349	47.64	13.88	0.3	1
2350	48.47	13.88	0.64	1
2351	49.24	13.88	0.31	1
2352	50.05	13.88	0.51	1
2353	50.82	13.88	0.26	1
2354	51.62	13.88	0.75	1
2355	52.39	13.88	0.41	1
2356	53.15	13.88	0.74	1
2357	53.91	13.88	0.77	1
2358	54.71	13.88	0.2	1
2359	55.46	13.88	0.48	1
2360	56.30	13.88	0.21	1
2361	57.09	13.88	0.75	1
2362	57.88	13.88	0.51	1
2363	58.71	13.88	0.24	1
2364	59.49	13.88	0.27	1
2365	60.20	13.88	0.43	1
2366	61.01	13.88	0.76	1
2367	61.80	13.88	0.62	1
2368	62.58	13.88	0.72	1
2369	63.42	13.88	0.42	1
2370	64.18	13.88	0.23	1
2371	64.97	13.88	0.78	1
2372	65.78	13.88	0.21	1
2373	66.57	13.88	0.77	1
2374	67.29	13.88	0.42	1
2375	68.13	13.88	0.21	1
2376	68.89	13.88	0.61	1
2377	69.66	13.88	0.79	1
2378	70.43	13.88	0.78	1
2379	71.26	13.88	0.3	1
2380	72.03	13.88	0.31	1
2381	72.81	13.88	0.54	1
2382	73.64	13.88	0.58	1
2383	74.44	13.88	0.64	1
2384	75.17	13.88	0.31	1
2385	75.94	13.88	0.78	1
2386	76.81	13.88	0.58	1
2387	77.51	13.88	0.71	1
2388	78.39	13.88	0.52	1
2389	79.15	13.88	0.45	1
2390	79.90	13.88	0.79	1
2391	80.68	13.88	0.55	1
2392	81.45	13.88	0.72	1
2393	82.26	13.88	0.77	1
2394	83.03	13.88	0.61	1
2395	83.87	13.88	0.53	1
2396	84.61	13.88	0.2	1
2397	85.44	13.88	0.22	1
2398	86.23	13.88	0.32	1
2399	86.99	13.88	0.31	1
2400	87.75	13.88	0.35	1
2401	88.54	13.88	0.38	1
2402	89.32	13.88	0.42	1
2403	90.18	13.88	0.45	1
2404	90.93	13.88	0.26	1
2405	91.76	13.88	0.23	1
2406	92.51	13.88	0.6	1
2407	93.30	13.88	0.52	1
2408	94.10	13.88	0.47	1
2409	94.90	13.88	0.58	1
2410	95.65	13.88	0.7	1
2411	96.42	13.88	0.46	1
2412	97.25	13.88	0.58	1
2413	98.01	13.88	0.77	1
2414	98.81	13.88	0.7	1
2415	99.62	13.88	0.46	1
2416	0.39	14.62	0.59	1
2417	1.19	14.62	0.31	1
2418	1.97	14.62	0.54	1
2419	2.78	14.62	0.79	1
2420	3.56	14.62	0.51	1
2421	4.33	14.62	0.76	1
2422	5.14	14.62	0.44	1
2423	5.94	14.62	0.8	1
2424	6.69	14.62	0.55	1
2425	7.47	14.62	0.23	1
2426	8.29	14.62	0.55	1
2427	9.06	14.62	0.36	1
2428	9.80	14.62	0.22	1
2429	10.67	14.62	0.69	1
2430	11.37	14.62	0.37	1
2431	12.23	14.62	0.68	1
2432	13.02	14.62	0.37	1
2433	13.82	14.62	0.32	1
2434	14.52	14.62	0.78	1
2435	15.36	14.62	0.42	1
2436	16.13	14.62	0.56	1
2437	16.91	14.62	0.57	1
2438	17.68	14.62	0.54	1
2439	18.51	14.62	0.75	1
2440	19.29	14.62	0.6	1
2441	20.04	14.62	0.44	1
2442	20.88	14.62	0.72	1
2443	21.68	14.62	0.31	1
2444	22.47	14.62	0.53	1
2445	23.27	14.62	0.77	1
2446	24.01	14.62	0.58	1
2447	24.85	14.62	0.69	1
2448	25.63	14.62	0.59	1
2449	26.36	14.62	0.7	1
2450	27.13	14.62	0.77	1
2451	27.95	14.62	0.36	1
2452	28.73	14.62	0.3	1
2453	29.54	14.62	0.49	1
2454	30.32	14.62	0.62	1
2455	31.13	14.62	0.34	1
2456	31.89	14.62	0.2	1
2457	32.64	14.62	0.41	1
2458	33.50	14.62	0.78	1
2459	34.23	14.62	0.62	1
2460	35.09	14.62	0.44	1
2461	35.79	14.62	0.32	1
2462	36.66	14.62	0.41	1
2463	37.36	14.62	0.3	1
2464	38.16	14.62	0.26	1
2465	38.93	14.62	0.74	1
2466	39.78	14.62	0.8	1
2467	40.59	14.62	0.3	1
2468	41.33	14.62	0.23	1
2469	42.17	14.62	0.4	1
2470	42.92	14.62	0.48	1
2471	43.71	14.62	0.32	1
2472	44.52	14.62	0.38	1
2473	45.26	14.62	0.32	1
2474	46.05	14.62	0.66	1
2475	46.89	14.62	0.63	1
2476	47.68	14.62	0.58	1
2477	48.47	14.62	0.43	1
2478	49.25	14.62	0.75	1
2479	49.96	14.62	0.78	1
2480	50.82	14.62	0.3	1
2481	51.57	14.62	0.33	1
2482	52.41	14.62	0.52	1
2483	53.15	14.62	0.25	1
2484	53.94	14.62	0.46	1
2485	54.73	14.62	0.55	1
2486	55.49	14.62	0.51	1
2487	56.26	14.62	0.4	1
2488	57.13	14.62	0.53	1
2489	57.90	14.62	0.78	1
2490	58.63	14.62	0.32	1
2491	59.48	14.62	0.59	1
2492	60.25	14.62	0.23	1
2493	61.01	14.62	0.24	1
2494	61.79	14.62	0.53	1
2495	62.63	14.62	0.26	1
2496	63.41	14.62	0.21	1
2497	64.18	14.62	0.3	1
2498	64.97	14.62	0.54	1
2499	65.71	14.62	0.62	1
2500	66.53	14.62	0.32	1
2501	67.29	14.62	0.6	1
2502	68.08	14.62	0.31	1
2503	68.91	14.62	0.57	1
2504	69.73	14.62	0.45	1
2505	70.46	14.62	0.59	1
2506	71.23	14.62	0.8	1
2507	72.06	14.62	0.76	1
2508	72.87	14.62	0.2	1
2509	73.65	14.62	0.73	1
2510	74.45	14.62	0.24	1
2511	75.20	14.62	0.77	1
2512	76.01	14.62	0.37	1
2513	76.74	14.62	0.43	1
2514	77.54	14.62	0.25	1
2515	78.34	14.62	0.27	1
2516	79.13	14.62	0.64	1
2517	79.96	14.62	0.77	1
2518	80.75	14.62	0.57	1
2519	81.46	14.62	0.63	1
2520	82.25	14.62	0.66	1
2521	83.06	14.62	0.36	1
2522	83.84	14.62	0.23	1
2523	84.66	14.62	0.2	1
2524	85.47	14.62	0.41	1
2525	86.27	14.62	0.34	1
2526	87.02	14.62	0.24	1
2527	87.83	14.62	0.31	1
2528	88.59	14.62	0.27	1
2529	89.34	14.62	0.75	1
2530	90.16	14.62	0.28	1
2531	90.95	14.62	0.52	1
2532	91.76	14.62	0.56	1
