NAME: INS05
TYPE: SYNTHETIC
DIMENSION: 150 20
RIDGES: 30
DEPOTS: 2
CROPS: 3750
TASKS: 750

NODE_COORD_SECTION
1	50.00	0.00	0.0	0
2	100.00	0.00	0.0	0
3	112.46	19.01	0.5	1
4	32.89	6.84	0.7	1
5	30.97	18.60	0.37	1
6	1.40	11.68	0.29	1
7	130.61	3.73	0.36	1
8	88.50	1.01	0.26	1
9	122.19	5.49	0.76	1
10	148.31	18.44	0.72	1
11	109.88	9.94	0.39	1
12	114.99	2.61	0.35	1
13	46.53	0.54	0.74	1
14	96.75	16.11	0.2	1
15	141.94	13.73	0.56	1
16	109.81	17.91	0.75	1
17	140.46	9.83	0.51	1
18	16.47	9.33	0.2	1
19	83.41	12.63	0.33	1
20	148.39	18.35	0.75	1
21	59.45	2.27	0.21	1
22	32.22	3.48	0.44	1
23	53.40	17.53	0.67	1
24	65.70	11.35	0.7	1
25	26.88	9.86	0.49	1
26	131.04	15.47	0.34	1
27	12.18	17.24	0.56	1
28	41.07	13.31	0.36	1
29	21.96	13.49	0.35	1
30	5.36	12.01	0.68	1
31	96.89	4.89	0.29	1
32	140.55	0.92	0.2	1
33	133.76	7.64	0.4	1
34	107.09	13.03	0.49	1
35	25.24	6.38	0.62	1
36	79.45	16.93	0.67	1
37	143.23	0.41	0.6	1
38	52.88	13.36	0.58	1
39	79.16	18.86	0.6	1
40	2.55	8.75	0.36	1
41	100.32	4.35	0.43	1
42	108.88	1.62	0.57	1
43	67.66	13.52	0.24	1
44	40.01	1.48	0.38	1
45	143.55	18.28	0.44	1
46	138.96	19.57	0.52	1
47	27.70	3.16	0.49	1
48	5.13	17.84	0.63	1
49	112.91	12.67	0.48	1
50	139.15	11.50	0.74	1
51	19.46	3.54	0.43	1
52	19.83	6.15	0.52	1
53	56.92	15.94	0.2	1
54	28.69	14.51	0.39	1
55	73.68	19.99	0.72	1
56	116.49	19.38	0.4	1
57	51.35	2.46	0.35	1
58	75.88	2.48	0.53	1
59	73.87	5.40	0.25	1
60	73.66	18.99	0.52	1
61	43.36	19.87	0.38	1
62	34.40	4.16	0.43	1
63	81.72	16.84	0.67	1
64	112.43	14.47	0.6	1
65	42.39	0.45	0.47	1
66	24.26	6.99	0.55	1
67	145.75	18.40	0.66	1
68	30.10	14.51	0.65	1
69	86.85	1.00	0.31	1
70	55.76	9.72	0.38	1
71	100.14	5.90	0.41	1
72	140.07	9.04	0.31	1
73	37.28	6.33	0.21	1
74	112.78	12.81	0.3	1
75	111.33	5.85	0.68	1
76	49.03	7.93	0.53	1
77	28.29	13.82	0.4	1
78	49.40	6.52	0.57	1
79	40.40	9.06	0.64	1
80	115.80	16.71	0.41	1
81	120.68	12.42	0.48	1
82	42.06	14.70	0.24	1
83	5.90	15.96	0.56	1
84	117.03	13.40	0.41	1
85	14.69	19.95	0.46	1
86	113.46	14.70	0.45	1
87	9.60	7.97	0.58	1
88	12.93	7.22	0.54	1
89	85.57	17.58	0.45	1
90	42.44	12.47	0.21	1
91	24.70	7.08	0.57	1
92	142.09	14.95	0.73	1
93	81.87	5.03	0.66	1
94	56.96	3.13	0.79	1
95	53.02	3.01	0.28	1
96	119.30	1.62	0.33	1
97	28.41	13.82	0.52	1
98	135.38	19.29	0.34	1
99	125.40	4.23	0.22	1
100	42.86	17.42	0.44	1
101	133.40	12.81	0.37	1
102	47.05	4.48	0.36	1
103	127.84	4.11	0.77	1
104	99.27	19.36	0.34	1
105	105.79	5.15	0.28	1
106	42.38	1.86	0.28	1
107	102.94	10.37	0.68	1
108	30.97	4.55	0.63	1
109	1.35	19.57	0.28	1
110	124.20	7.88	0.33	1
111	141.91	13.54	0.65	1
112	112.72	13.60	0.36	1
113	113.53	3.42	0.79	1
114	84.36	16.99	0.52	1
115	2.93	2.47	0.32	1
116	36.85	5.89	0.72	1
117	27.41	12.49	0.39	1
118	44.10	3.16	0.37	1
119	135.87	13.90	0.4	1
120	36.91	7.22	0.66	1
121	111.12	15.82	0.3	1
122	26.47	18.73	0.43	1
123	117.79	17.14	0.22	1
124	21.58	2.87	0.7	1
125	45.81	1.29	0.4	1
126	13.66	2.86	0.35	1
127	106.86	0.60	0.55	1
128	12.49	18.88	0.62	1
129	12.55	10.75	0.69	1
130	96.39	19.17	0.41	1
131	134.97	8.81	0.69	1
132	141.32	8.65	0.48	1
133	100.49	5.19	0.26	1
134	95.50	10.76	0.71	1
135	91.02	13.65	0.53	1
136	26.02	6.03	0.56	1
137	110.44	3.28	0.76	1
138	51.64	13.33	0.54	1
139	140.65	1.51	0.2	1
140	77.48	1.64	0.72	1
141	56.87	3.51	0.37	1
142	97.42	15.16	0.5	1
143	37.10	14.26	0.32	1
144	67.02	5.67	0.38	1
145	78.51	7.59	0.61	1
146	34.50	15.14	0.46	1
147	119.63	16.01	0.58	1
148	57.32	3.39	0.69	1
149	126.06	6.59	0.4	1
150	112.21	16.35	0.54	1
151	115.22	7.80	0.67	1
152	140.70	13.20	0.63	1
153	86.36	13.96	0.52	1
154	6.71	7.81	0.43	1
155	132.18	3.22	0.44	1
156	62.16	8.10	0.46	1
157	53.41	11.25	0.41	1
158	149.43	5.12	0.62	1
159	105.74	15.16	0.28	1
160	87.67	1.95	0.78	1
161	85.86	19.07	0.67	1
162	51.31	12.79	0.38	1
163	143.91	15.96	0.23	1
164	103.25	19.42	0.63	1
165	25.59	15.45	0.64	1
166	61.03	7.21	0.78	1
167	78.10	0.68	0.35	1
168	46.88	3.32	0.25	1
169	20.80	6.75	0.75	1
170	120.34	4.02	0.36	1
171	79.71	14.97	0.63	1
172	36.15	18.48	0.24	1
173	129.97	5.02	0.66	1
174	148.45	13.38	0.28	1
175	42.92	13.62	0.62	1
176	99.94	12.12	0.52	1
177	106.75	5.37	0.77	1
178	146.85	17.16	0.22	1
179	111.86	0.53	0.38	1
180	88.56	14.13	0.24	1
181	128.11	18.92	0.73	1
182	137.38	8.12	0.56	1
183	134.48	0.01	0.52	1
184	52.72	2.28	0.28	1
185	132.46	18.56	0.49	1
186	38.40	7.35	0.44	1
187	147.58	11.32	0.39	1
188	74.56	10.01	0.66	1
189	104.43	19.09	0.24	1
190	54.99	3.45	0.59	1
191	27.75	0.41	0.69	1
192	83.31	18.58	0.74	1
193	106.96	19.86	0.65	1
194	136.43	9.84	0.37	1
195	72.98	12.57	0.56	1
196	16.64	12.15	0.28	1
197	69.61	12.85	0.27	1
198	84.78	6.21	0.58	1
199	91.16	7.32	0.71	1
200	29.19	13.50	0.24	1
201	45.95	17.78	0.26	1
202	29.90	12.00	0.54	1
203	85.73	3.95	0.33	1
204	65.98	13.51	0.57	1
205	47.78	2.28	0.33	1
206	92.29	4.48	0.27	1
207	102.22	16.79	0.53	1
208	18.50	8.75	0.72	1
209	66.74	12.65	0.61	1
210	50.16	8.37	0.69	1
211	1.80	2.45	0.36	1
212	85.48	4.32	0.73	1
213	21.69	6.49	0.43	1
214	24.53	1.19	0.71	1
215	42.58	3.29	0.48	1
216	119.91	1.25	0.36	1
217	112.12	7.66	0.36	1
218	101.30	1.05	0.54	1
219	138.11	15.35	0.25	1
220	21.02	4.38	0.76	1
221	96.60	18.43	0.36	1
222	66.87	9.71	0.4	1
223	35.67	7.66	0.34	1
224	42.90	7.01	0.2	1
225	3.09	0.82	0.62	1
226	102.10	13.64	0.55	1
227	49.53	17.71	0.69	1
228	39.92	7.92	0.22	1
229	109.71	14.87	0.76	1
230	129.17	0.58	0.4	1
231	27.56	12.81	0.75	1
232	50.73	0.87	0.26	1
233	87.97	7.86	0.65	1
234	54.61	5.29	0.55	1
235	0.90	3.65	0.41	1
236	71.14	5.51	0.25	1
237	131.16	2.86	0.56	1
238	131.30	8.10	0.22	1
239	41.38	6.09	0.5	1
240	49.51	10.13	0.56	1
241	53.08	12.94	0.64	1
242	63.78	13.43	0.79	1
243	90.66	4.89	0.36	1
244	121.92	15.98	0.39	1
245	148.35	3.50	0.4	1
246	127.18	17.44	0.64	1
247	96.32	10.13	0.76	1
248	143.59	19.45	0.78	1
249	96.25	7.19	0.77	1
250	122.57	1.79	0.73	1
251	43.59	19.71	0.79	1
252	122.15	18.79	0.43	1
253	89.22	8.15	0.77	1
254	146.95	6.19	0.66	1
255	113.61	11.16	0.3	1
256	34.28	0.35	0.23	1
257	57.56	10.95	0.33	1
258	27.48	8.29	0.67	1
259	92.28	14.30	0.58	1
260	7.91	13.28	0.33	1
261	8.50	0.56	0.65	1
262	22.86	13.07	0.28	1
263	7.92	0.42	0.69	1
264	17.69	18.99	0.68	1
265	136.09	1.73	0.78	1
266	45.60	18.95	0.29	1
267	14.65	1.89	0.74	1
268	12.90	19.53	0.4	1
269	111.47	4.29	0.45	1
270	6.89	19.30	0.48	1
271	63.82	11.97	0.58	1
272	41.88	15.17	0.8	1
273	29.52	15.74	0.56	1
274	34.59	1.96	0.76	1
275	71.82	16.26	0.35	1
276	57.73	0.58	0.44	1
277	83.00	13.61	0.5	1
278	111.10	8.04	0.39	1
279	14.55	11.69	0.79	1
280	49.43	18.94	0.64	1
281	75.41	9.45	0.49	1
282	46.38	6.78	0.65	1
283	76.91	6.13	0.48	1
284	133.85	8.78	0.21	1
285	43.80	3.11	0.53	1
286	100.85	0.52	0.58	1
287	67.50	11.00	0.79	1
288	50.97	15.00	0.22	1
289	101.35	19.43	0.51	1
290	76.32	10.76	0.26	1
291	36.88	7.71	0.29	1
292	4.03	13.79	0.57	1
293	46.74	10.81	0.34	1
294	38.25	12.42	0.65	1
295	67.14	9.64	0.51	1
296	141.39	14.12	0.33	1
297	39.28	10.08	0.5	1
298	70.00	15.90	0.2	1
299	125.00	5.67	0.72	1
300	123.17	3.59	0.21	1
301	114.42	4.98	0.2	1
302	44.69	17.05	0.57	1
303	63.01	19.81	0.78	1
304	22.79	9.27	0.71	1
305	109.87	0.11	0.35	1
306	22.78	0.41	0.32	1
307	148.93	15.21	0.58	1
308	56.03	3.13	0.69	1
309	13.56	10.64	0.42	1
310	146.38	13.49	0.46	1
311	54.77	10.02	0.27	1
312	149.84	10.38	0.29	1
313	144.63	0.33	0.54	1
314	108.14	12.54	0.26	1
315	102.80	11.41	0.32	1
316	6.63	2.99	0.34	1
317	138.34	4.66	0.47	1
318	148.94	13.59	0.23	1
319	66.65	18.40	0.5	1
320	119.25	8.58	0.76	1
321	10.29	17.37	0.21	1
322	114.76	15.81	0.58	1
323	111.73	5.52	0.7	1
324	128.83	0.04	0.39	1
325	35.59	0.93	0.28	1
326	16.59	10.65	0.23	1
327	5.59	3.63	0.59	1
328	34.91	13.11	0.53	1
329	70.32	9.17	0.34	1
330	115.26	9.13	0.7	1
331	52.27	19.25	0.64	1
332	1.24	6.11	0.37	1
333	91.41	15.66	0.65	1
334	122.46	0.92	0.35	1
335	106.37	14.41	0.61	1
336	32.11	2.26	0.27	1
337	112.45	4.99	0.62	1
338	0.25	4.47	0.34	1
339	4.66	4.98	0.54	1
340	50.25	5.43	0.3	1
341	137.99	4.65	0.64	1
342	70.13	19.15	0.24	1
343	131.88	6.19	0.3	1
344	48.97	11.87	0.31	1
345	137.68	0.20	0.22	1
346	58.97	17.00	0.65	1
347	61.57	14.40	0.79	1
348	103.79	4.11	0.67	1
349	67.44	11.32	0.72	1
350	107.32	16.45	0.2	1
351	113.99	0.57	0.27	1
352	100.60	9.95	0.54	1
353	86.08	7.46	0.79	1
354	107.10	13.48	0.6	1
355	86.92	17.23	0.42	1
356	15.29	6.02	0.29	1
357	74.27	19.17	0.29	1
358	10.79	6.74	0.42	1
359	138.88	17.96	0.63	1
360	129.79	6.17	0.22	1
361	127.03	10.11	0.71	1
362	92.97	4.78	0.76	1
363	106.00	6.55	0.73	1
364	51.58	12.74	0.75	1
365	35.97	4.49	0.21	1
366	55.37	15.56	0.79	1
367	33.70	15.75	0.42	1
368	104.34	13.58	0.72	1
369	71.21	14.92	0.31	1
370	2.03	6.11	0.47	1
371	101.87	19.75	0.23	1
372	0.38	10.20	0.22	1
373	138.58	17.27	0.77	1
374	3.47	10.59	0.69	1
375	0.64	15.79	0.52	1
376	46.33	15.31	0.52	1
377	141.72	19.52	0.65	1
378	134.12	4.08	0.41	1
379	29.19	12.52	0.66	1
380	81.61	0.19	0.49	1
381	58.76	18.13	0.58	1
382	134.75	4.08	0.78	1
383	57.29	11.21	0.48	1
384	127.92	10.64	0.45	1
385	145.23	15.98	0.74	1
386	142.96	14.63	0.74	1
387	131.64	16.62	0.8	1
388	38.08	4.59	0.53	1
389	129.66	1.69	0.41	1
390	61.28	16.41	0.34	1
391	121.99	2.78	0.22	1
392	73.16	9.60	0.64	1
393	48.56	18.34	0.34	1
394	97.97	19.60	0.56	1
395	10.01	7.89	0.75	1
396	125.27	8.45	0.77	1
397	39.28	19.96	0.2	1
398	130.97	10.93	0.39	1
399	84.26	0.14	0.7	1
400	147.15	16.13	0.52	1
401	5.51	3.53	0.68	1
402	123.15	1.74	0.71	1
403	141.27	20.00	0.47	1
404	132.96	14.78	0.42	1
405	73.09	1.65	0.47	1
406	109.57	7.94	0.59	1
407	85.53	5.87	0.42	1
408	36.32	6.49	0.66	1
409	122.07	8.53	0.74	1
410	46.76	8.66	0.37	1
411	4.84	17.81	0.78	1
412	82.76	2.10	0.57	1
413	43.26	19.67	0.73	1
414	88.96	5.83	0.26	1
415	63.95	5.17	0.35	1
416	4.77	16.84	0.39	1
417	43.87	16.77	0.38	1
418	71.78	3.66	0.3	1
419	120.28	7.54	0.72	1
420	106.16	16.74	0.45	1
421	144.45	1.72	0.78	1
422	1.26	10.97	0.55	1
423	39.64	9.38	0.28	1
424	10.90	10.03	0.53	1
425	18.73	16.77	0.8	1
426	113.92	1.48	0.54	1
427	125.45	6.50	0.2	1
428	52.93	3.60	0.76	1
429	125.30	8.09	0.34	1
430	7.33	19.32	0.61	1
431	38.38	18.72	0.51	1
432	45.19	16.63	0.4	1
433	99.63	17.23	0.37	1
434	146.42	17.43	0.76	1
435	60.55	16.29	0.75	1
436	106.75	1.23	0.51	1
437	139.46	9.32	0.36	1
438	20.17	8.51	0.26	1
439	90.47	11.46	0.29	1
440	86.22	5.12	0.51	1
441	94.91	18.15	0.38	1
442	58.30	12.61	0.23	1
443	36.60	0.97	0.47	1
444	87.86	0.95	0.65	1
445	108.54	13.41	0.74	1
446	55.40	8.23	0.55	1
447	137.66	0.26	0.63	1
448	84.50	18.47	0.42	1
449	137.10	11.69	0.5	1
450	57.18	1.98	0.64	1
451	26.07	13.59	0.64	1
452	2.50	17.67	0.45	1
453	88.19	0.90	0.53	1
454	35.97	11.88	0.75	1
455	5.34	15.60	0.58	1
456	137.99	19.22	0.59	1
457	110.05	17.14	0.67	1
458	91.61	9.17	0.27	1
459	106.97	4.48	0.51	1
460	16.47	15.24	0.78	1
461	143.73	11.55	0.42	1
462	72.38	10.69	0.38	1
463	71.77	8.84	0.56	1
464	142.06	9.60	0.33	1
465	12.17	15.31	0.53	1
466	58.73	14.21	0.29	1
467	86.94	14.26	0.55	1
468	9.30	0.68	0.56	1
469	56.78	13.86	0.45	1
470	33.55	8.67	0.43	1
471	147.12	4.30	0.35	1
472	127.19	16.51	0.4	1
473	133.70	18.30	0.5	1
474	76.10	13.64	0.35	1
475	92.83	6.18	0.67	1
476	41.97	6.83	0.63	1
477	32.77	15.15	0.36	1
478	144.69	17.36	0.26	1
479	32.69	1.04	0.2	1
480	113.56	7.80	0.56	1
481	123.69	15.58	0.33	1
482	93.81	5.11	0.21	1
483	15.61	5.05	0.42	1
484	76.46	19.59	0.78	1
485	9.55	4.00	0.61	1
486	94.09	6.09	0.71	1
487	128.78	2.79	0.29	1
488	144.47	18.25	0.24	1
489	133.13	3.46	0.21	1
490	49.42	16.08	0.77	1
491	121.17	14.10	0.38	1
492	67.21	6.23	0.48	1
493	144.44	2.79	0.44	1
494	6.56	0.18	0.64	1
495	116.25	1.13	0.39	1
496	80.80	7.35	0.52	1
497	22.04	14.81	0.8	1
498	8.25	6.37	0.47	1
499	84.33	8.05	0.53	1
500	38.87	18.52	0.5	1
501	139.65	8.32	0.68	1
502	59.06	6.15	0.36	1
503	128.36	11.36	0.3	1
504	13.43	17.07	0.65	1
505	80.23	8.31	0.45	1
506	50.68	1.99	0.75	1
507	143.51	14.82	0.59	1
508	19.77	10.23	0.54	1
509	83.34	3.36	0.24	1
510	64.08	12.91	0.64	1
511	42.60	6.63	0.61	1
512	18.30	8.26	0.58	1
513	87.58	2.33	0.36	1
514	92.22	7.96	0.77	1
515	101.73	6.30	0.39	1
516	85.27	12.26	0.29	1
517	103.58	15.14	0.79	1
518	20.45	19.30	0.65	1
519	126.55	11.25	0.45	1
520	133.55	7.65	0.76	1
521	5.14	14.54	0.25	1
522	141.50	3.24	0.25	1
523	96.58	16.27	0.61	1
524	135.76	5.53	0.31	1
525	19.31	4.96	0.75	1
526	86.66	18.37	0.7	1
527	87.38	18.39	0.38	1
528	115.51	11.97	0.73	1
529	3.27	6.66	0.23	1
530	8.62	6.44	0.53	1
531	9.35	3.36	0.76	1
532	61.60	10.30	0.71	1
533	32.57	14.65	0.41	1
534	88.55	13.84	0.31	1
535	109.91	14.54	0.33	1
536	140.44	4.74	0.51	1
537	40.52	1.88	0.56	1
538	88.89	7.90	0.22	1
539	74.43	3.40	0.45	1
540	97.36	12.38	0.7	1
541	39.72	9.31	0.47	1
542	134.15	15.47	0.3	1
543	34.04	17.58	0.77	1
544	10.10	8.28	0.36	1
545	12.02	18.48	0.68	1
546	6.11	3.02	0.32	1
547	137.26	11.64	0.45	1
548	119.28	0.33	0.49	1
549	62.86	19.69	0.5	1
550	86.97	16.99	0.51	1
551	144.53	13.70	0.33	1
552	49.14	6.17	0.51	1
553	10.69	8.56	0.49	1
554	137.31	9.56	0.33	1
555	136.65	16.34	0.79	1
556	147.63	18.95	0.72	1
557	105.97	17.42	0.73	1
558	112.21	14.07	0.61	1
559	107.33	14.42	0.3	1
560	56.91	8.47	0.54	1
561	44.11	2.97	0.69	1
562	68.77	18.00	0.22	1
563	97.69	1.12	0.5	1
564	121.68	18.71	0.44	1
565	124.41	14.55	0.33	1
566	22.52	6.98	0.43	1
567	84.79	1.54	0.79	1
568	15.94	18.69	0.63	1
569	105.40	5.50	0.38	1
570	49.10	7.69	0.56	1
571	11.26	14.78	0.35	1
572	26.53	16.10	0.57	1
573	126.88	12.77	0.74	1
574	115.48	3.44	0.53	1
575	86.39	13.54	0.64	1
576	99.23	2.35	0.47	1
577	51.66	6.50	0.51	1
578	85.88	15.30	0.62	1
579	85.59	15.10	0.69	1
580	14.85	17.56	0.6	1
581	80.49	0.75	0.79	1
582	96.48	10.35	0.69	1
583	33.06	15.29	0.67	1
584	140.04	6.45	0.71	1
585	74.09	2.56	0.37	1
586	139.47	6.38	0.46	1
587	29.22	9.57	0.54	1
588	6.49	5.06	0.48	1
589	10.15	2.55	0.71	1
590	16.82	17.45	0.22	1
591	139.57	9.49	0.33	1
592	94.56	13.92	0.73	1
593	58.70	7.40	0.24	1
594	101.34	7.53	0.34	1
595	87.15	10.30	0.41	1
596	78.67	16.59	0.65	1
597	105.61	19.21	0.54	1
598	118.65	2.92	0.77	1
599	110.77	13.31	0.34	1
600	96.91	9.61	0.72	1
601	9.37	19.03	0.37	1
602	127.79	9.74	0.35	1
603	23.79	16.49	0.5	1
604	64.60	7.80	0.24	1
605	99.81	15.17	0.43	1
606	9.43	15.35	0.41	1
607	110.09	11.78	0.3	1
608	50.76	3.30	0.72	1
609	15.40	0.02	0.43	1
610	30.97	8.23	0.79	1
611	36.55	6.18	0.74	1
612	58.57	6.17	0.32	1
613	108.69	9.83	0.5	1
614	2.90	4.53	0.56	1
615	106.45	6.02	0.69	1
616	138.02	14.25	0.73	1
617	43.49	10.33	0.57	1
618	100.09	3.87	0.22	1
619	36.93	10.14	0.49	1
620	138.73	6.88	0.73	1
621	60.32	3.81	0.63	1
622	88.98	14.80	0.72	1
623	66.10	15.00	0.6	1
624	45.39	14.14	0.23	1
625	38.75	15.61	0.78	1
626	124.60	15.95	0.75	1
627	32.32	13.88	0.28	1
628	80.78	19.72	0.27	1
629	54.24	15.43	0.52	1
630	55.51	7.94	0.65	1
631	16.65	4.79	0.43	1
632	24.67	3.18	0.28	1
633	1.35	15.88	0.51	1
634	70.19	16.08	0.4	1
635	91.88	16.63	0.41	1
636	75.56	1.88	0.59	1
637	92.51	13.56	0.73	1
638	93.98	16.03	0.54	1
639	109.72	8.65	0.61	1
640	122.87	13.84	0.6	1
641	18.06	10.80	0.53	1
642	109.28	11.07	0.39	1
643	142.35	2.03	0.43	1
644	108.35	16.49	0.39	1
645	105.40	7.71	0.75	1
646	57.82	11.73	0.7	1
647	59.56	17.66	0.55	1
648	16.49	12.78	0.75	1
649	20.12	10.80	0.73	1
650	107.34	3.31	0.76	1
651	105.60	2.80	0.33	1
652	93.08	10.11	0.63	1
653	44.71	2.23	0.57	1
654	110.38	7.64	0.64	1
655	12.98	15.46	0.36	1
656	34.93	14.73	0.62	1
657	84.73	3.89	0.45	1
658	11.46	11.86	0.7	1
659	3.78	1.31	0.68	1
660	105.33	10.78	0.33	1
661	48.94	10.78	0.31	1
662	88.75	11.31	0.63	1
663	96.38	18.81	0.53	1
664	58.32	6.02	0.53	1
665	5.77	2.94	0.65	1
666	15.94	6.71	0.71	1
667	91.50	0.93	0.34	1
668	109.15	7.95	0.53	1
669	144.53	11.37	0.7	1
670	115.70	17.22	0.72	1
671	133.33	10.37	0.37	1
672	59.51	11.21	0.26	1
673	60.31	4.81	0.34	1
674	48.59	4.66	0.77	1
675	40.42	1.87	0.48	1
676	63.97	4.71	0.45	1
677	67.25	15.84	0.21	1
678	67.25	19.09	0.23	1
679	22.18	17.01	0.6	1
680	37.24	18.68	0.55	1
681	34.07	14.94	0.55	1
682	9.32	12.60	0.27	1
683	32.80	13.40	0.41	1
684	95.37	18.47	0.69	1
685	94.00	8.16	0.3	1
686	29.04	13.15	0.73	1
687	17.45	16.57	0.27	1
688	37.10	10.48	0.3	1
689	89.39	7.25	0.49	1
690	99.58	5.00	0.77	1
691	5.19	19.19	0.4	1
692	48.01	14.27	0.59	1
693	76.13	13.38	0.55	1
694	16.64	10.38	0.29	1
695	58.83	9.04	0.35	1
696	144.93	2.73	0.76	1
697	113.21	6.61	0.31	1
698	43.55	5.42	0.62	1
699	52.32	7.14	0.78	1
700	40.61	13.35	0.27	1
701	7.16	6.65	0.44	1
702	42.03	15.03	0.33	1
703	21.97	18.81	0.33	1
704	25.58	7.40	0.27	1
705	29.96	5.73	0.59	1
706	114.15	9.53	0.65	1
707	24.39	0.93	0.61	1
708	34.49	18.91	0.75	1
709	126.80	8.80	0.29	1
710	72.30	17.99	0.39	1
711	88.70	17.62	0.41	1
712	73.78	4.00	0.34	1
713	108.89	10.53	0.29	1
714	100.27	3.14	0.49	1
715	97.14	7.65	0.7	1
716	49.80	13.43	0.77	1
717	88.84	12.98	0.28	1
718	144.80	14.02	0.69	1
719	96.13	12.27	0.69	1
720	59.81	16.78	0.43	1
721	57.14	14.00	0.27	1
722	43.97	2.96	0.79	1
723	19.46	12.69	0.59	1
724	49.19	5.50	0.79	1
725	88.81	0.51	0.49	1
726	36.93	6.81	0.44	1
727	106.26	10.90	0.35	1
728	128.40	6.69	0.79	1
729	44.47	0.66	0.35	1
730	142.76	10.03	0.21	1
731	75.38	18.47	0.51	1
732	43.49	6.64	0.43	1
733	98.45	15.70	0.36	1
734	104.90	15.77	0.58	1
735	86.27	17.26	0.42	1
736	82.52	4.59	0.44	1
737	81.26	14.26	0.21	1
738	98.04	4.86	0.55	1
739	6.16	5.05	0.27	1
740	147.61	3.69	0.33	1
741	69.66	12.77	0.63	1
742	131.92	15.21	0.39	1
743	136.34	12.09	0.3	1
744	129.80	5.28	0.55	1
745	64.58	16.88	0.33	1
746	48.83	17.42	0.36	1
747	54.47	7.27	0.57	1
748	46.35	10.94	0.64	1
749	19.36	0.73	0.64	1
750	134.61	18.58	0.49	1
751	11.43	10.99	0.47	1
752	80.95	7.45	0.67	1
753	85.34	9.16	0.32	1
754	73.45	15.11	0.29	1
755	78.89	6.47	0.6	1
756	87.22	12.82	0.45	1
757	99.35	12.37	0.63	1
758	99.69	6.20	0.35	1
759	66.92	13.37	0.39	1
760	113.16	8.68	0.74	1
761	54.80	14.32	0.45	1
762	33.33	0.19	0.55	1
763	70.67	3.47	0.26	1
764	56.74	5.82	0.31	1
765	116.59	6.63	0.22	1
766	96.10	13.48	0.45	1
767	68.47	1.62	0.79	1
768	105.05	1.50	0.72	1
769	14.88	3.92	0.58	1
770	42.06	16.93	0.72	1
771	101.24	7.74	0.56	1
772	146.79	4.87	0.42	1
773	91.47	16.94	0.3	1
774	120.30	1.81	0.59	1
775	104.59	5.16	0.32	1
776	53.36	9.78	0.45	1
777	118.61	3.32	0.7	1
778	16.28	3.07	0.28	1
779	32.73	1.19	0.28	1
780	138.95	6.38	0.33	1
781	26.55	12.76	0.53	1
782	118.05	15.06	0.35	1
783	107.81	1.01	0.5	1
784	117.32	10.04	0.38	1
785	97.36	19.13	0.5	1
786	121.60	16.51	0.37	1
787	27.22	9.53	0.79	1
788	142.40	11.65	0.5	1
789	15.39	14.64	0.65	1
790	6.44	14.85	0.62	1
791	131.97	8.51	0.49	1
792	62.04	6.08	0.34	1
793	131.54	10.96	0.51	1
794	86.89	13.23	0.61	1
795	45.03	8.66	0.48	1
796	111.24	19.71	0.25	1
797	5.15	0.85	0.21	1
798	64.21	13.19	0.4	1
799	57.95	19.99	0.29	1
800	29.30	0.16	0.74	1
801	28.52	17.74	0.31	1
802	21.77	9.58	0.44	1
803	62.89	13.31	0.63	1
804	8.19	13.18	0.69	1
805	53.21	18.52	0.49	1
806	127.33	7.99	0.31	1
807	148.93	1.04	0.36	1
808	118.29	8.68	0.45	1
809	65.00	3.40	0.42	1
810	77.23	1.69	0.41	1
811	92.49	4.83	0.28	1
812	108.73	12.15	0.75	1
813	111.96	14.99	0.22	1
814	29.51	0.01	0.46	1
815	54.86	18.38	0.79	1
816	86.68	14.55	0.6	1
817	131.94	18.12	0.41	1
818	79.35	10.82	0.29	1
819	127.64	16.15	0.78	1
820	104.83	12.09	0.21	1
821	92.58	7.26	0.61	1
822	126.14	12.36	0.73	1
823	33.53	4.80	0.22	1
824	129.24	12.51	0.64	1
825	59.81	3.74	0.8	1
826	91.53	3.69	0.58	1
827	70.53	13.55	0.45	1
828	84.81	18.44	0.72	1
829	5.96	5.60	0.53	1
830	8.56	3.89	0.65	1
831	18.60	14.65	0.55	1
832	55.41	18.50	0.22	1
833	3.51	13.06	0.33	1
834	145.58	3.52	0.25	1
835	66.36	14.04	0.26	1
836	94.97	11.32	0.21	1
837	49.01	14.56	0.45	1
838	97.99	3.26	0.31	1
839	144.61	11.11	0.71	1
840	78.82	16.96	0.65	1
841	96.06	1.49	0.54	1
842	75.99	15.61	0.49	1
843	105.00	19.42	0.35	1
844	3.74	5.22	0.48	1
845	82.37	12.39	0.58	1
846	41.15	16.54	0.67	1
847	24.65	0.02	0.25	1
848	142.86	7.83	0.63	1
849	143.62	5.56	0.65	1
850	9.52	15.45	0.54	1
851	125.37	9.84	0.33	1
852	11.08	13.08	0.52	1
853	27.32	16.99	0.5	1
854	41.10	16.95	0.49	1
855	64.04	11.93	0.48	1
856	118.43	0.81	0.27	1
857	123.17	2.77	0.31	1
858	53.76	9.46	0.26	1
859	134.31	0.45	0.35	1
860	83.88	12.85	0.36	1
861	47.49	5.81	0.35	1
862	73.57	3.74	0.33	1
863	70.22	15.30	0.64	1
864	126.81	7.70	0.69	1
865	92.60	0.00	0.4	1
866	82.55	19.50	0.38	1
867	46.84	11.90	0.71	1
868	114.34	12.18	0.57	1
869	62.77	3.05	0.38	1
870	69.56	5.90	0.63	1
871	104.39	8.84	0.41	1
872	127.48	3.87	0.55	1
873	62.66	11.15	0.8	1
874	18.90	11.76	0.38	1
875	43.64	4.59	0.76	1
876	21.29	7.00	0.39	1
877	139.35	0.62	0.52	1
878	127.82	7.95	0.48	1
879	84.24	10.26	0.67	1
880	138.86	15.40	0.24	1
881	147.72	15.89	0.58	1
882	44.38	19.26	0.66	1
883	147.53	2.46	0.48	1
884	135.16	13.28	0.26	1
885	138.30	18.31	0.35	1
886	133.71	17.71	0.61	1
887	17.65	2.87	0.74	1
888	17.67	1.82	0.45	1
889	52.99	13.68	0.54	1
890	53.20	14.41	0.34	1
891	123.04	13.32	0.45	1
892	69.77	5.91	0.4	1
893	18.66	9.87	0.59	1
894	107.94	10.96	0.79	1
895	108.22	6.70	0.69	1
896	10.02	15.42	0.32	1
897	32.96	12.33	0.55	1
898	120.64	2.78	0.24	1
899	89.77	13.79	0.35	1
900	111.98	2.95	0.3	1
901	123.77	1.88	0.4	1
902	77.94	8.87	0.61	1
903	33.26	6.04	0.5	1
904	24.67	8.51	0.76	1
905	5.33	17.78	0.33	1
906	24.52	17.72	0.42	1
907	129.54	9.03	0.4	1
908	74.66	6.04	0.34	1
909	149.53	13.42	0.8	1
910	142.77	8.30	0.43	1
911	132.45	8.96	0.76	1
912	130.02	2.62	0.43	1
913	95.53	13.57	0.32	1
914	98.43	8.94	0.27	1
915	102.59	4.79	0.71	1
916	89.38	11.08	0.22	1
917	47.75	15.58	0.78	1
918	12.13	3.43	0.45	1
919	70.67	17.83	0.35	1
920	86.27	16.84	0.57	1
921	77.64	15.71	0.28	1
922	48.87	16.30	0.24	1
923	60.25	11.18	0.7	1
924	26.38	18.41	0.45	1
925	105.22	17.18	0.51	1
926	31.18	1.35	0.31	1
927	50.58	10.33	0.24	1
928	120.36	7.95	0.42	1
929	40.49	7.45	0.5	1
930	105.54	6.72	0.66	1
931	146.87	3.50	0.5	1
932	112.96	11.78	0.67	1
933	34.96	15.07	0.27	1
934	67.13	13.65	0.24	1
935	99.34	2.21	0.3	1
936	126.00	13.63	0.66	1
937	117.09	8.96	0.66	1
938	29.26	6.52	0.28	1
939	135.22	18.76	0.22	1
940	72.28	5.98	0.61	1
941	109.55	15.32	0.71	1
942	122.32	0.62	0.65	1
943	1.46	7.14	0.32	1
944	22.87	16.10	0.55	1
945	79.93	16.51	0.65	1
946	26.54	12.54	0.35	1
947	87.03	6.81	0.52	1
948	77.56	11.78	0.39	1
949	133.42	1.11	0.34	1
950	123.51	19.60	0.78	1
951	109.77	14.75	0.75	1
952	32.70	10.46	0.47	1
953	105.89	12.05	0.28	1
954	57.77	18.80	0.64	1
955	77.10	19.40	0.35	1
956	84.58	15.87	0.3	1
957	111.30	13.22	0.43	1
958	2.17	1.55	0.52	1
959	87.22	18.24	0.26	1
960	90.17	4.72	0.54	1
961	48.03	12.46	0.21	1
962	89.56	19.11	0.74	1
963	79.36	7.10	0.75	1
964	78.75	15.72	0.64	1
965	81.05	6.52	0.48	1
966	50.79	15.14	0.35	1
967	9.97	5.50	0.65	1
968	22.96	18.89	0.76	1
969	13.51	15.16	0.3	1
970	94.56	12.66	0.48	1
971	114.51	8.01	0.39	1
972	60.11	5.77	0.41	1
973	89.66	18.60	0.44	1
974	138.60	14.06	0.77	1
975	135.93	19.27	0.36	1
976	119.27	8.16	0.5	1
977	72.48	18.63	0.77	1
978	100.50	16.41	0.49	1
979	17.42	3.88	0.72	1
980	51.62	3.76	0.24	1
981	135.97	4.34	0.77	1
982	83.58	1.71	0.31	1
983	23.24	4.95	0.79	1
984	147.43	15.94	0.31	1
985	101.03	18.33	0.47	1
986	143.43	9.07	0.39	1
987	49.15	6.31	0.46	1
988	5.36	5.59	0.35	1
989	53.26	0.74	0.78	1
990	132.39	16.96	0.38	1
991	37.73	16.05	0.59	1
992	119.43	6.70	0.28	1
993	104.56	5.80	0.69	1
994	10.54	10.10	0.53	1
995	65.75	2.76	0.79	1
996	73.58	18.99	0.45	1
997	109.71	14.78	0.32	1
998	113.63	14.89	0.41	1
999	2.99	18.49	0.64	1
1000	124.52	5.49	0.6	1
1001	82.91	12.30	0.67	1
1002	19.79	5.08	0.24	1
1003	3.49	17.28	0.55	1
1004	3.74	6.37	0.76	1
1005	11.74	15.63	0.26	1
1006	138.75	11.26	0.26	1
1007	20.94	11.16	0.63	1
1008	115.55	14.37	0.39	1
1009	111.26	5.58	0.6	1
1010	11.06	2.98	0.53	1
1011	143.33	12.27	0.79	1
1012	109.18	17.98	0.73	1
1013	127.91	4.37	0.61	1
1014	8.71	18.50	0.36	1
1015	147.25	11.35	0.36	1
1016	133.26	4.64	0.73	1
1017	16.66	10.00	0.55	1
1018	121.68	13.09	0.67	1
1019	95.60	0.35	0.47	1
1020	47.62	18.79	0.26	1
1021	20.14	14.53	0.4	1
1022	113.90	14.66	0.3	1
1023	148.39	8.18	0.67	1
1024	102.33	3.87	0.62	1
1025	59.96	9.83	0.25	1
1026	32.22	18.14	0.57	1
1027	107.43	5.68	0.72	1
1028	20.24	5.76	0.62	1
1029	93.45	16.53	0.51	1
1030	75.48	2.05	0.39	1
1031	37.40	6.90	0.73	1
1032	95.42	4.93	0.45	1
1033	35.09	5.72	0.71	1
1034	88.88	9.85	0.67	1
1035	126.25	13.96	0.69	1
1036	100.02	3.09	0.79	1
1037	8.28	10.20	0.65	1
1038	10.75	7.28	0.22	1
1039	3.92	3.54	0.32	1
1040	16.56	16.02	0.22	1
1041	51.92	1.58	0.31	1
1042	39.82	13.66	0.24	1
1043	111.85	2.40	0.5	1
1044	116.78	7.41	0.22	1
1045	101.91	13.43	0.48	1
1046	119.04	13.94	0.74	1
1047	5.83	10.39	0.65	1
1048	24.93	19.40	0.77	1
1049	38.38	8.40	0.34	1
1050	29.51	2.69	0.52	1
1051	90.14	9.86	0.39	1
1052	56.20	1.71	0.5	1
1053	110.39	0.12	0.53	1
1054	68.65	12.65	0.22	1
1055	64.61	2.52	0.34	1
1056	116.74	6.48	0.62	1
1057	20.21	11.01	0.66	1
1058	2.88	6.48	0.54	1
1059	112.60	18.25	0.36	1
1060	88.76	4.35	0.44	1
1061	33.00	12.08	0.26	1
1062	61.01	3.55	0.77	1
1063	118.11	4.00	0.72	1
1064	48.25	1.23	0.24	1
1065	105.21	5.51	0.3	1
1066	34.93	6.07	0.55	1
1067	131.12	10.36	0.34	1
1068	23.68	15.49	0.76	1
1069	31.27	8.25	0.65	1
1070	85.21	11.69	0.36	1
1071	10.35	16.74	0.2	1
1072	71.91	19.79	0.68	1
1073	107.62	19.85	0.45	1
1074	68.02	2.82	0.59	1
1075	109.10	15.56	0.37	1
1076	127.93	6.03	0.29	1
1077	76.60	17.15	0.61	1
1078	129.71	0.51	0.47	1
1079	100.64	12.03	0.34	1
1080	12.50	18.60	0.28	1
1081	66.81	13.49	0.55	1
1082	132.42	2.60	0.64	1
1083	128.38	14.49	0.37	1
1084	125.94	9.90	0.64	1
1085	5.02	13.41	0.31	1
1086	56.18	8.05	0.4	1
1087	66.19	9.86	0.65	1
1088	99.29	14.54	0.6	1
1089	116.53	13.43	0.36	1
1090	120.52	2.44	0.27	1
1091	125.52	7.75	0.23	1
1092	79.32	8.68	0.7	1
1093	71.36	5.71	0.25	1
1094	25.49	2.10	0.27	1
1095	67.71	2.51	0.34	1
1096	36.75	2.67	0.47	1
1097	16.37	17.65	0.67	1
1098	101.10	18.48	0.35	1
1099	96.60	16.88	0.53	1
1100	83.29	9.25	0.25	1
1101	79.27	6.40	0.48	1
1102	98.70	17.94	0.31	1
1103	117.35	9.24	0.33	1
1104	143.09	19.71	0.42	1
1105	73.97	17.29	0.66	1
1106	0.72	1.33	0.65	1
1107	3.36	15.46	0.45	1
1108	11.97	0.34	0.27	1
1109	22.11	6.13	0.37	1
1110	69.71	1.31	0.5	1
1111	74.85	4.96	0.72	1
1112	41.16	16.44	0.78	1
1113	148.04	9.28	0.58	1
1114	48.27	18.63	0.41	1
1115	75.07	14.61	0.62	1
1116	62.06	4.05	0.4	1
1117	98.23	13.30	0.58	1
1118	69.03	5.40	0.35	1
1119	124.77	5.51	0.36	1
1120	98.85	7.68	0.25	1
1121	70.87	4.23	0.45	1
1122	97.42	4.52	0.57	1
1123	72.86	6.57	0.67	1
1124	144.54	19.64	0.69	1
1125	113.02	19.68	0.8	1
1126	17.03	19.85	0.25	1
1127	15.53	8.31	0.5	1
1128	42.48	8.54	0.51	1
1129	25.42	8.47	0.68	1
1130	38.79	20.00	0.36	1
1131	33.52	14.55	0.24	1
1132	150.00	0.00	0.39	1
1133	43.63	17.17	0.79	1
1134	48.57	20.00	0.74	1
1135	17.32	20.00	0.44	1
1136	30.15	20.00	0.73	1
1137	29.42	20.00	0.22	1
1138	38.18	20.00	0.39	1
1139	50.41	19.27	0.64	1
1140	88.91	10.62	0.33	1
1141	137.01	20.00	0.32	1
1142	143.95	20.00	0.72	1
1143	108.52	18.52	0.57	1
1144	37.94	14.12	0.79	1
1145	23.18	20.00	0.28	1
1146	81.71	0.00	0.41	1
1147	105.26	15.92	0.39	1
1148	36.72	20.00	0.73	1
1149	85.67	0.00	0.35	1
1150	148.80	9.90	0.41	1
1151	150.00	5.04	0.29	1
1152	37.53	20.00	0.67	1
1153	150.00	0.00	0.34	1
1154	6.59	20.00	0.24	1
1155	136.68	13.90	0.46	1
1156	114.48	20.00	0.43	1
1157	150.00	0.00	0.31	1
1158	141.20	20.00	0.28	1
1159	150.00	5.62	0.74	1
1160	26.63	20.00	0.24	1
1161	97.94	20.00	0.26	1
1162	103.10	1.04	0.35	1
1163	92.86	9.99	0.77	1
1164	150.00	20.00	0.25	1
1165	25.07	20.00	0.69	1
1166	1.99	20.00	0.74	1
1167	149.15	0.00	0.43	1
1168	106.55	20.00	0.38	1
1169	148.15	11.07	0.61	1
1170	79.00	20.00	0.62	1
1171	85.49	20.00	0.67	1
1172	8.19	20.00	0.7	1
1173	25.71	17.09	0.36	1
1174	74.95	20.00	0.61	1
1175	150.00	20.00	0.28	1
1176	90.64	18.74	0.51	1
1177	40.89	6.21	0.57	1
1178	123.09	0.00	0.3	1
1179	90.29	7.40	0.25	1
1180	148.47	3.98	0.32	1
1181	149.37	11.17	0.45	1
1182	14.07	20.00	0.73	1
1183	29.23	20.00	0.52	1
1184	150.00	20.00	0.65	1
1185	150.00	0.00	0.3	1
1186	101.82	0.00	0.26	1
1187	15.13	20.00	0.34	1
1188	22.18	20.00	0.39	1
1189	95.48	20.00	0.53	1
1190	66.72	0.00	0.73	1
1191	84.22	20.00	0.46	1
1192	150.00	20.00	0.51	1
1193	25.44	0.00	0.2	1
1194	150.00	0.00	0.22	1
1195	134.13	0.00	0.25	1
1196	150.00	19.57	0.62	1
1197	5.17	20.00	0.49	1
1198	150.00	4.69	0.32	1
1199	150.00	13.17	0.56	1
1200	51.71	20.00	0.53	1
1201	28.49	20.00	0.25	1
1202	96.36	20.00	0.58	1
1203	29.65	19.50	0.66	1
1204	150.00	0.00	0.37	1
1205	25.76	0.00	0.61	1
1206	42.25	20.00	0.32	1
1207	46.22	20.00	0.65	1
1208	150.00	20.00	0.75	1
1209	148.13	19.50	0.47	1
1210	103.40	15.85	0.35	1
1211	86.01	7.65	0.44	1
1212	150.00	0.00	0.35	1
1213	150.00	20.00	0.2	1
1214	44.40	20.00	0.59	1
1215	150.00	2.83	0.23	1
1216	150.00	0.00	0.33	1
1217	56.84	14.62	0.63	1
1218	122.38	20.00	0.6	1
1219	147.00	18.41	0.24	1
1220	34.09	20.00	0.6	1
1221	85.83	0.00	0.76	1
1222	105.17	4.30	0.24	1
1223	132.11	20.00	0.45	1
1224	137.50	20.00	0.64	1
1225	31.66	19.36	0.6	1
1226	94.90	2.04	0.34	1
1227	35.40	18.27	0.3	1
1228	145.53	14.18	0.67	1
1229	87.96	20.00	0.77	1
1230	97.30	20.00	0.66	1
1231	19.82	0.80	0.78	1
1232	150.00	16.01	0.56	1
1233	86.26	3.05	0.76	1
1234	133.63	20.00	0.61	1
1235	105.38	15.45	0.75	1
1236	128.73	20.00	0.3	1
1237	77.65	0.00	0.69	1
1238	135.33	0.00	0.32	1
1239	92.78	20.00	0.22	1
1240	91.22	20.00	0.51	1
1241	83.58	0.00	0.39	1
1242	40.36	11.98	0.23	1
1243	131.89	0.00	0.79	1
1244	134.58	0.69	0.6	1
1245	42.52	18.33	0.74	1
1246	22.81	20.00	0.8	1
1247	15.35	18.13	0.44	1
1248	145.06	16.45	0.35	1
1249	114.86	20.00	0.31	1
1250	108.45	19.35	0.51	1
1251	96.49	0.00	0.56	1
1252	71.46	1.05	0.48	1
1253	116.26	0.00	0.43	1
1254	132.73	4.14	0.3	1
1255	132.94	0.00	0.47	1
1256	150.00	20.00	0.25	1
1257	38.31	20.00	0.72	1
1258	110.34	14.68	0.23	1
1259	140.95	20.00	0.43	1
1260	98.94	8.12	0.26	1
1261	135.23	13.27	0.66	1
1262	128.26	6.08	0.39	1
1263	34.58	18.62	0.27	1
1264	93.93	0.03	0.52	1
1265	123.17	0.00	0.75	1
1266	54.19	20.00	0.75	1
1267	94.33	15.17	0.35	1
1268	39.60	19.19	0.63	1
1269	36.07	20.00	0.22	1
1270	97.66	20.00	0.28	1
1271	23.08	20.00	0.5	1
1272	112.76	20.00	0.34	1
1273	150.00	20.00	0.68	1
1274	49.36	7.22	0.76	1
1275	84.94	11.17	0.2	1
1276	99.77	2.66	0.34	1
1277	150.00	18.03	0.46	1
1278	150.00	20.00	0.54	1
1279	143.63	2.88	0.75	1
1280	86.98	0.00	0.74	1
1281	81.26	4.33	0.58	1
1282	35.51	13.20	0.35	1
1283	43.97	13.55	0.67	1
1284	59.66	10.44	0.32	1
1285	51.71	20.00	0.78	1
1286	90.88	7.58	0.2	1
1287	38.51	16.49	0.54	1
1288	150.00	17.26	0.25	1
1289	32.06	0.00	0.44	1
1290	91.84	7.65	0.58	1
1291	137.87	18.02	0.61	1
1292	91.17	0.00	0.67	1
1293	83.66	18.79	0.56	1
1294	150.00	0.00	0.35	1
1295	110.69	20.00	0.73	1
1296	112.73	20.00	0.69	1
1297	38.71	20.00	0.3	1
1298	27.81	20.00	0.7	1
1299	102.67	19.65	0.78	1
1300	36.09	20.00	0.58	1
1301	23.53	0.00	0.37	1
1302	30.17	12.70	0.56	1
1303	115.48	17.12	0.41	1
1304	5.87	2.83	0.61	1
1305	150.00	16.84	0.53	1
1306	25.40	20.00	0.76	1
1307	88.06	4.26	0.57	1
1308	35.82	5.50	0.33	1
1309	130.57	0.00	0.64	1
1310	112.82	5.42	0.38	1
1311	108.27	16.47	0.36	1
1312	86.22	9.31	0.44	1
1313	149.01	11.78	0.21	1
1314	150.00	12.69	0.78	1
1315	118.37	18.17	0.52	1
1316	102.47	20.00	0.66	1
1317	89.53	12.01	0.35	1
1318	56.18	20.00	0.65	1
1319	99.89	11.09	0.54	1
1320	96.59	20.00	0.45	1
1321	129.25	10.35	0.78	1
1322	102.96	0.00	0.5	1
1323	44.67	3.19	0.59	1
1324	41.38	1.29	0.21	1
1325	88.44	10.36	0.38	1
1326	150.00	15.65	0.73	1
1327	28.67	19.03	0.66	1
1328	4.76	17.03	0.52	1
1329	105.55	0.00	0.74	1
1330	128.97	6.97	0.49	1
1331	104.01	16.81	0.54	1
1332	149.18	5.16	0.43	1
1333	27.44	20.00	0.57	1
1334	101.39	14.00	0.39	1
1335	98.66	13.92	0.43	1
1336	90.66	20.00	0.78	1
1337	71.48	0.00	0.27	1
1338	14.83	20.00	0.26	1
1339	77.09	20.00	0.23	1
1340	69.73	20.00	0.39	1
1341	23.99	20.00	0.44	1
1342	74.68	17.29	0.26	1
1343	89.75	19.02	0.53	1
1344	142.93	20.00	0.55	1
1345	150.00	5.03	0.65	1
1346	80.73	4.36	0.79	1
1347	144.45	0.00	0.57	1
1348	93.24	17.24	0.27	1
1349	150.00	0.00	0.25	1
1350	150.00	15.52	0.67	1
1351	131.69	18.75	0.59	1
1352	40.43	20.00	0.3	1
1353	150.00	13.52	0.35	1
1354	150.00	11.59	0.65	1
1355	93.05	20.00	0.54	1
1356	145.37	12.11	0.55	1
1357	150.00	6.44	0.33	1
1358	88.81	20.00	0.58	1
1359	98.42	12.15	0.66	1
1360	82.30	2.92	0.73	1
1361	135.96	20.00	0.64	1
1362	92.27	11.88	0.55	1
1363	113.07	17.56	0.6	1
1364	131.10	11.01	0.49	1
1365	150.00	0.00	0.34	1
1366	122.26	0.49	0.73	1
1367	150.00	0.00	0.52	1
1368	150.00	4.79	0.56	1
1369	150.00	12.16	0.79	1
1370	89.17	20.00	0.79	1
1371	74.54	20.00	0.55	1
1372	150.00	0.00	0.22	1
1373	142.50	15.19	0.44	1
1374	123.27	3.99	0.76	1
1375	81.92	1.01	0.37	1
1376	30.80	19.86	0.8	1
1377	115.19	20.00	0.25	1
1378	36.17	16.74	0.54	1
1379	14.53	11.60	0.51	1
1380	117.14	0.00	0.35	1
1381	41.04	20.00	0.77	1
1382	62.72	20.00	0.57	1
1383	23.51	20.00	0.34	1
1384	92.35	0.00	0.43	1
1385	15.37	20.00	0.63	1
1386	89.78	14.23	0.38	1
1387	4.23	20.00	0.73	1
1388	37.95	18.98	0.3	1
1389	9.03	20.00	0.36	1
1390	57.34	0.00	0.29	1
1391	76.05	7.44	0.26	1
1392	143.72	13.34	0.38	1
1393	27.41	20.00	0.8	1
1394	133.01	11.60	0.26	1
1395	150.00	14.87	0.33	1
1396	149.59	0.00	0.36	1
1397	147.27	14.91	0.57	1
1398	102.63	13.80	0.65	1
1399	20.83	7.55	0.65	1
1400	19.59	7.34	0.21	1
1401	29.36	20.00	0.59	1
1402	108.50	9.05	0.58	1
1403	92.16	20.00	0.51	1
1404	150.00	5.47	0.43	1
1405	127.79	20.00	0.68	1
1406	67.19	14.60	0.41	1
1407	150.00	9.96	0.34	1
1408	90.97	12.09	0.39	1
1409	150.00	20.00	0.46	1
1410	25.32	14.23	0.33	1
1411	93.34	14.53	0.56	1
1412	132.43	13.17	0.73	1
1413	45.75	12.68	0.56	1
1414	148.77	20.00	0.47	1
1415	150.00	20.00	0.68	1
1416	101.98	5.93	0.65	1
1417	150.00	2.47	0.42	1
1418	130.84	0.00	0.56	1
1419	86.15	20.00	0.64	1
1420	145.07	12.42	0.35	1
1421	44.90	20.00	0.42	1
1422	20.04	17.08	0.26	1
1423	103.94	0.00	0.79	1
1424	142.23	0.00	0.25	1
1425	33.29	0.00	0.3	1
1426	24.93	20.00	0.49	1
1427	38.50	6.44	0.72	1
1428	150.00	0.00	0.41	1
1429	150.00	0.00	0.66	1
1430	150.00	20.00	0.61	1
1431	137.86	7.77	0.58	1
1432	26.58	1.20	0.71	1
1433	65.20	20.00	0.21	1
1434	84.66	16.40	0.76	1
1435	150.00	0.00	0.7	1
1436	129.25	19.42	0.76	1
1437	12.35	20.00	0.68	1
1438	116.90	20.00	0.73	1
1439	54.82	2.36	0.32	1
1440	29.93	20.00	0.39	1
1441	30.13	17.99	0.39	1
1442	119.09	20.00	0.27	1
1443	110.90	20.00	0.64	1
1444	44.94	0.00	0.28	1
1445	34.74	20.00	0.23	1
1446	127.57	3.65	0.67	1
1447	22.74	13.42	0.74	1
1448	51.88	20.00	0.66	1
1449	74.25	16.70	0.7	1
1450	124.47	12.90	0.56	1
1451	83.06	7.44	0.73	1
1452	75.69	20.00	0.5	1
1453	47.62	20.00	0.79	1
1454	140.63	0.00	0.26	1
1455	38.31	20.00	0.69	1
1456	150.00	5.16	0.58	1
1457	24.74	10.01	0.55	1
1458	97.15	19.87	0.64	1
1459	116.25	18.31	0.7	1
1460	138.78	11.70	0.72	1
1461	34.40	0.00	0.31	1
1462	139.42	0.00	0.32	1
1463	37.68	20.00	0.21	1
1464	103.71	10.95	0.28	1
1465	105.47	0.00	0.36	1
1466	91.06	1.49	0.63	1
1467	144.19	20.00	0.49	1
1468	150.00	0.00	0.65	1
1469	26.58	16.46	0.49	1
1470	150.00	0.00	0.53	1
1471	54.11	20.00	0.27	1
1472	102.16	18.22	0.67	1
1473	90.37	0.00	0.65	1
1474	107.20	0.00	0.38	1
1475	113.76	16.46	0.4	1
1476	3.85	17.80	0.33	1
1477	150.00	20.00	0.69	1
1478	10.53	17.93	0.65	1
1479	28.66	0.00	0.57	1
1480	109.85	5.86	0.34	1
1481	93.94	0.00	0.3	1
1482	88.50	0.00	0.23	1
1483	42.80	20.00	0.23	1
1484	79.41	0.00	0.31	1
1485	62.32	18.10	0.26	1
1486	140.12	0.00	0.53	1
1487	48.57	3.48	0.41	1
1488	125.30	20.00	0.47	1
1489	0.00	1.08	0.56	1
1490	89.79	0.00	0.6	1
1491	86.14	0.00	0.59	1
1492	49.67	20.00	0.36	1
1493	16.45	16.53	0.69	1
1494	113.15	20.00	0.75	1
1495	34.30	20.00	0.39	1
1496	28.81	7.17	0.21	1
1497	76.84	6.69	0.74	1
1498	30.65	20.00	0.75	1
1499	112.94	0.00	0.23	1
1500	57.73	9.29	0.2	1
1501	78.58	16.29	0.69	1
1502	111.82	20.00	0.38	1
1503	29.65	14.61	0.75	1
1504	70.33	20.00	0.33	1
1505	150.00	10.29	0.72	1
1506	133.51	2.87	0.24	1
1507	27.76	17.98	0.36	1
1508	81.48	20.00	0.78	1
1509	136.12	19.88	0.34	1
1510	147.95	3.72	0.28	1
1511	95.58	1.45	0.71	1
1512	95.04	20.00	0.27	1
1513	150.00	0.00	0.26	1
1514	138.10	20.00	0.39	1
1515	98.76	8.78	0.58	1
1516	43.10	20.00	0.63	1
1517	45.30	10.55	0.73	1
1518	94.21	20.00	0.52	1
1519	44.04	2.55	0.44	1
1520	32.59	20.00	0.42	1
1521	62.57	0.00	0.71	1
1522	87.35	20.00	0.63	1
1523	16.09	18.13	0.74	1
1524	145.80	11.95	0.78	1
1525	143.30	10.50	0.38	1
1526	150.00	0.00	0.52	1
1527	19.30	20.00	0.58	1
1528	146.20	0.00	0.3	1
1529	108.40	4.53	0.23	1
1530	17.51	20.00	0.72	1
1531	150.00	5.17	0.52	1
1532	85.96	20.00	0.54	1
1533	109.27	5.87	0.53	1
1534	38.76	2.89	0.65	1
1535	142.77	13.33	0.29	1
1536	150.00	7.78	0.57	1
1537	100.52	3.39	0.48	1
1538	115.47	6.35	0.74	1
1539	150.00	11.70	0.51	1
1540	115.37	6.88	0.77	1
1541	150.00	7.98	0.41	1
1542	119.78	0.00	0.78	1
1543	38.99	20.00	0.73	1
1544	25.99	20.00	0.55	1
1545	109.62	16.77	0.41	1
1546	125.22	20.00	0.43	1
1547	147.22	3.75	0.66	1
1548	54.22	20.00	0.55	1
1549	140.69	17.47	0.44	1
1550	139.70	20.00	0.58	1
1551	150.00	0.00	0.64	1
1552	2.17	20.00	0.21	1
1553	36.11	20.00	0.25	1
1554	101.59	10.69	0.26	1
1555	48.60	20.00	0.34	1
1556	46.26	7.92	0.46	1
1557	149.62	17.35	0.68	1
1558	51.71	20.00	0.41	1
1559	85.21	13.73	0.21	1
1560	122.49	0.00	0.49	1
1561	35.82	0.85	0.8	1
1562	76.93	8.81	0.41	1
1563	143.90	7.86	0.78	1
1564	150.00	1.93	0.26	1
1565	98.59	0.00	0.3	1
1566	147.74	0.00	0.63	1
1567	105.97	20.00	0.5	1
1568	150.00	20.00	0.66	1
1569	16.25	20.00	0.72	1
1570	10.07	10.53	0.35	1
1571	110.40	20.00	0.61	1
1572	136.49	20.00	0.56	1
1573	96.91	20.00	0.72	1
1574	143.12	15.57	0.46	1
1575	110.09	19.50	0.23	1
1576	114.83	0.00	0.54	1
1577	71.55	20.00	0.78	1
1578	129.44	20.00	0.21	1
1579	150.00	0.00	0.34	1
1580	150.00	0.00	0.39	1
1581	80.60	5.32	0.66	1
1582	116.57	8.62	0.39	1
1583	110.40	8.56	0.34	1
1584	135.67	0.00	0.59	1
1585	124.84	19.25	0.23	1
1586	145.33	4.46	0.3	1
1587	57.53	20.00	0.44	1
1588	15.83	20.00	0.41	1
1589	26.31	0.00	0.41	1
1590	41.26	20.00	0.27	1
1591	150.00	0.00	0.42	1
1592	109.88	14.08	0.68	1
1593	102.89	0.00	0.45	1
1594	51.18	20.00	0.55	1
1595	77.21	20.00	0.3	1
1596	58.27	0.00	0.24	1
1597	19.26	20.00	0.73	1
1598	146.46	20.00	0.4	1
1599	150.00	0.00	0.41	1
1600	150.00	17.29	0.73	1
1601	48.82	0.00	0.62	1
1602	114.62	0.00	0.65	1
1603	147.52	15.51	0.61	1
1604	150.00	0.00	0.26	1
1605	144.24	5.40	0.77	1
1606	19.77	12.77	0.75	1
1607	143.86	14.17	0.34	1
1608	104.01	17.29	0.68	1
1609	18.37	20.00	0.45	1
1610	30.98	20.00	0.61	1
1611	128.87	3.78	0.3	1
1612	96.13	20.00	0.52	1
1613	48.85	20.00	0.28	1
1614	91.37	17.99	0.52	1
1615	124.72	0.00	0.35	1
1616	93.75	2.22	0.47	1
1617	50.93	20.00	0.6	1
1618	99.71	20.00	0.73	1
1619	41.74	9.25	0.3	1
1620	139.65	19.94	0.74	1
1621	77.77	20.00	0.43	1
1622	86.73	20.00	0.71	1
1623	44.39	14.12	0.51	1
1624	119.18	6.18	0.72	1
1625	150.00	0.00	0.6	1
1626	123.75	17.89	0.51	1
1627	150.00	0.00	0.39	1
1628	44.61	20.00	0.78	1
1629	150.00	13.67	0.68	1
1630	146.98	20.00	0.43	1
1631	148.28	7.82	0.3	1
1632	138.42	0.00	0.67	1
1633	142.00	0.00	0.79	1
1634	50.52	20.00	0.37	1
1635	8.57	20.00	0.75	1
1636	150.00	9.39	0.28	1
1637	137.43	20.00	0.77	1
1638	150.00	20.00	0.65	1
1639	101.10	1.47	0.41	1
1640	105.71	20.00	0.38	1
1641	150.00	20.00	0.59	1
1642	26.73	14.71	0.56	1
1643	150.00	20.00	0.75	1
1644	108.18	0.00	0.66	1
1645	54.35	10.89	0.52	1
1646	36.13	18.64	0.76	1
1647	91.78	20.00	0.56	1
1648	150.00	20.00	0.71	1
1649	150.00	20.00	0.7	1
1650	96.30	0.00	0.75	1
1651	97.63	1.48	0.24	1
1652	38.89	4.35	0.55	1
1653	31.37	18.26	0.48	1
1654	150.00	12.42	0.49	1
1655	110.76	20.00	0.48	1
1656	144.77	20.00	0.7	1
1657	91.82	2.69	0.39	1
1658	150.00	17.07	0.48	1
1659	150.00	0.00	0.32	1
1660	150.00	0.47	0.35	1
1661	33.90	7.79	0.6	1
1662	24.27	20.00	0.27	1
1663	149.51	2.11	0.31	1
1664	20.86	0.00	0.52	1
1665	43.14	20.00	0.23	1
1666	88.32	20.00	0.28	1
1667	14.95	20.00	0.72	1
1668	49.75	0.00	0.71	1
1669	22.45	20.00	0.41	1
1670	147.02	8.78	0.41	1
1671	150.00	0.00	0.76	1
1672	141.26	0.00	0.22	1
1673	52.23	0.00	0.55	1
1674	99.34	0.00	0.56	1
1675	30.97	0.00	0.67	1
1676	67.78	20.00	0.77	1
1677	29.17	0.20	0.41	1
1678	150.00	9.51	0.46	1
1679	150.00	5.37	0.6	1
1680	149.00	20.00	0.78	1
1681	150.00	0.00	0.73	1
1682	93.18	0.00	0.6	1
1683	93.72	18.01	0.71	1
1684	80.76	1.77	0.25	1
1685	143.37	0.00	0.43	1
1686	145.57	0.00	0.21	1
1687	15.41	19.71	0.31	1
1688	150.00	18.80	0.58	1
1689	42.90	20.00	0.73	1
1690	98.11	14.51	0.58	1
1691	92.21	2.95	0.6	1
1692	43.76	4.37	0.26	1
1693	22.86	20.00	0.6	1
1694	111.56	2.23	0.47	1
1695	93.73	0.00	0.59	1
1696	87.25	20.00	0.4	1
1697	85.36	2.08	0.55	1
1698	72.80	20.00	0.45	1
1699	150.00	20.00	0.54	1
1700	107.76	1.65	0.29	1
1701	49.08	20.00	0.44	1
1702	137.42	0.00	0.42	1
1703	109.04	0.00	0.64	1
1704	138.24	6.24	0.62	1
1705	95.33	6.02	0.75	1
1706	105.14	11.05	0.58	1
1707	148.23	0.00	0.39	1
1708	45.36	20.00	0.67	1
1709	139.70	20.00	0.5	1
1710	100.48	0.00	0.32	1
1711	115.99	15.70	0.65	1
1712	80.47	7.86	0.28	1
1713	28.54	20.00	0.31	1
1714	78.76	13.50	0.66	1
1715	95.73	2.55	0.66	1
1716	80.95	17.67	0.67	1
1717	22.68	0.00	0.38	1
1718	150.00	0.00	0.72	1
1719	26.29	15.00	0.63	1
1720	148.07	2.17	0.7	1
1721	75.52	6.74	0.63	1
1722	27.43	17.53	0.55	1
1723	29.10	0.00	0.27	1
1724	31.37	17.06	0.63	1
1725	68.85	0.00	0.61	1
1726	95.54	0.00	0.39	1
1727	126.85	0.00	0.64	1
1728	118.37	20.00	0.53	1
1729	0.00	20.00	0.54	1
1730	149.82	0.00	0.42	1
1731	150.00	2.45	0.27	1
1732	145.16	20.00	0.33	1
1733	72.25	20.00	0.66	1
1734	43.37	5.62	0.36	1
1735	21.83	20.00	0.2	1
1736	14.12	20.00	0.8	1
1737	26.35	20.00	0.33	1
1738	32.35	20.00	0.59	1
1739	20.48	20.00	0.76	1
1740	107.95	0.00	0.56	1
1741	78.71	20.00	0.68	1
1742	150.00	6.02	0.79	1
1743	93.61	0.00	0.72	1
1744	87.98	20.00	0.53	1
1745	138.90	13.65	0.42	1
1746	40.57	20.00	0.49	1
1747	96.14	9.68	0.71	1
1748	89.34	5.58	0.71	1
1749	96.74	20.00	0.71	1
1750	34.06	0.00	0.56	1
1751	126.30	16.95	0.49	1
1752	150.00	20.00	0.39	1
1753	68.81	20.00	0.2	1
1754	108.54	11.97	0.66	1
1755	94.20	7.70	0.37	1
1756	129.44	0.00	0.4	1
1757	113.70	20.00	0.71	1
1758	150.00	14.50	0.23	1
1759	89.38	20.00	0.76	1
1760	150.00	0.00	0.2	1
1761	132.65	4.52	0.76	1
1762	150.00	20.00	0.47	1
1763	90.76	20.00	0.26	1
1764	39.66	9.32	0.6	1
1765	92.13	6.06	0.74	1
1766	84.10	20.00	0.46	1
1767	104.87	13.66	0.61	1
1768	105.68	12.32	0.79	1
1769	125.61	0.00	0.34	1
1770	144.30	20.00	0.69	1
1771	39.63	12.84	0.38	1
1772	50.22	20.00	0.46	1
1773	93.62	4.89	0.37	1
1774	150.00	0.00	0.47	1
1775	150.00	20.00	0.2	1
1776	40.60	20.00	0.38	1
1777	150.00	20.00	0.47	1
1778	150.00	3.28	0.58	1
1779	150.00	2.16	0.58	1
1780	46.33	20.00	0.55	1
1781	95.62	0.75	0.38	1
1782	88.30	0.00	0.77	1
1783	122.13	14.18	0.44	1
1784	141.79	0.04	0.33	1
1785	97.12	8.86	0.53	1
1786	85.65	0.00	0.65	1
1787	150.00	16.22	0.21	1
1788	125.50	20.00	0.37	1
1789	137.40	18.70	0.69	1
1790	83.46	16.70	0.5	1
1791	134.73	0.00	0.45	1
1792	70.16	0.00	0.76	1
1793	150.00	0.00	0.25	1
1794	85.92	20.00	0.57	1
1795	20.81	20.00	0.41	1
1796	138.98	17.29	0.24	1
1797	96.40	0.00	0.33	1
1798	21.91	12.63	0.58	1
1799	96.67	0.00	0.22	1
1800	94.25	0.00	0.56	1
1801	150.00	17.33	0.77	1
1802	107.83	0.00	0.68	1
1803	150.00	0.00	0.41	1
1804	42.79	20.00	0.28	1
1805	130.59	12.34	0.48	1
1806	150.00	20.00	0.44	1
1807	138.82	7.61	0.78	1
1808	98.46	0.00	0.79	1
1809	82.71	20.00	0.45	1
1810	60.98	17.13	0.29	1
1811	133.98	8.80	0.75	1
1812	21.60	0.79	0.68	1
1813	37.25	20.00	0.51	1
1814	148.32	20.00	0.42	1
1815	40.30	20.00	0.47	1
1816	150.00	10.64	0.74	1
1817	136.80	20.00	0.31	1
1818	36.46	20.00	0.68	1
1819	144.72	20.00	0.21	1
1820	129.65	0.00	0.75	1
1821	43.50	19.59	0.5	1
1822	24.16	20.00	0.34	1
1823	106.24	16.40	0.2	1
1824	49.31	16.11	0.54	1
1825	35.43	20.00	0.35	1
1826	150.00	0.00	0.58	1
1827	150.00	12.86	0.37	1
1828	134.97	16.08	0.25	1
1829	7.37	20.00	0.5	1
1830	150.00	20.00	0.54	1
1831	23.97	3.57	0.47	1
1832	150.00	1.80	0.47	1
1833	95.64	20.00	0.55	1
1834	73.99	0.00	0.52	1
1835	150.00	0.00	0.28	1
1836	141.44	20.00	0.32	1
1837	140.74	20.00	0.29	1
1838	22.40	20.00	0.62	1
1839	26.81	20.00	0.52	1
1840	22.39	0.00	0.46	1
1841	49.90	12.70	0.68	1
1842	22.75	13.73	0.4	1
1843	39.76	0.00	0.54	1
1844	83.19	2.07	0.24	1
1845	107.03	20.00	0.65	1
1846	145.76	20.00	0.62	1
1847	29.39	20.00	0.68	1
1848	124.08	20.00	0.73	1
1849	20.98	20.00	0.65	1
1850	81.40	0.00	0.71	1
1851	45.07	0.00	0.41	1
1852	53.36	20.00	0.41	1
1853	107.05	15.22	0.77	1
1854	113.43	20.00	0.75	1
1855	150.00	12.67	0.53	1
1856	150.00	0.00	0.42	1
1857	118.19	3.30	0.72	1
1858	34.82	0.00	0.39	1
1859	134.19	0.00	0.29	1
1860	27.17	17.69	0.58	1
1861	139.76	20.00	0.23	1
1862	148.06	20.00	0.43	1
1863	150.00	18.72	0.68	1
1864	22.51	20.00	0.38	1
1865	150.00	20.00	0.76	1
1866	146.98	16.89	0.77	1
1867	78.25	20.00	0.69	1
1868	95.87	0.00	0.79	1
1869	27.66	12.62	0.52	1
1870	150.00	0.00	0.54	1
1871	40.77	20.00	0.7	1
1872	42.63	20.00	0.5	1
1873	113.22	20.00	0.44	1
1874	149.64	0.00	0.57	1
1875	104.35	7.33	0.59	1
1876	91.77	14.59	0.65	1
1877	150.00	7.29	0.6	1
1878	95.79	14.24	0.65	1
1879	150.00	2.21	0.6	1
1880	150.00	19.69	0.49	1
1881	49.15	20.00	0.28	1
1882	40.13	3.69	0.67	1
1883	150.00	6.42	0.22	1
1884	26.78	20.00	0.8	1
1885	105.91	2.76	0.7	1
1886	96.38	2.80	0.6	1
1887	143.84	20.00	0.78	1
1888	105.35	11.65	0.57	1
1889	150.00	20.00	0.23	1
1890	103.83	20.00	0.54	1
1891	140.58	11.09	0.37	1
1892	87.44	20.00	0.42	1
1893	150.00	4.49	0.48	1
1894	56.31	20.00	0.66	1
1895	148.58	20.00	0.5	1
1896	39.74	20.00	0.48	1
1897	106.15	20.00	0.38	1
1898	110.70	0.00	0.52	1
1899	150.00	20.00	0.35	1
1900	131.66	11.32	0.36	1
1901	62.52	20.00	0.65	1
1902	127.03	14.78	0.41	1
1903	22.18	20.00	0.23	1
1904	139.72	12.41	0.41	1
1905	51.93	20.00	0.58	1
1906	76.96	9.65	0.69	1
1907	11.37	20.00	0.78	1
1908	150.00	0.00	0.65	1
1909	105.12	0.00	0.46	1
1910	47.99	0.00	0.38	1
1911	48.94	12.50	0.28	1
1912	41.23	20.00	0.58	1
1913	90.31	0.00	0.51	1
1914	142.42	0.37	0.61	1
1915	115.76	0.00	0.34	1
1916	13.35	0.00	0.39	1
1917	141.78	20.00	0.38	1
1918	27.10	0.00	0.68	1
1919	41.41	0.00	0.3	1
1920	82.27	20.00	0.57	1
1921	41.99	16.51	0.23	1
1922	74.85	2.61	0.53	1
1923	27.35	4.82	0.24	1
1924	103.70	0.00	0.31	1
1925	32.56	10.82	0.27	1
1926	101.63	16.18	0.41	1
1927	16.36	0.00	0.41	1
1928	26.00	20.00	0.7	1
1929	150.00	5.95	0.34	1
1930	30.20	7.32	0.25	1
1931	24.99	7.97	0.56	1
1932	111.45	3.28	0.61	1
1933	128.41	20.00	0.38	1
1934	91.79	9.72	0.56	1
1935	126.20	0.00	0.67	1
1936	18.03	0.00	0.41	1
1937	26.17	20.00	0.52	1
1938	150.00	11.65	0.29	1
1939	130.94	12.30	0.21	1
1940	116.87	10.14	0.79	1
1941	150.00	20.00	0.38	1
1942	54.34	0.00	0.37	1
1943	24.85	20.00	0.78	1
1944	108.02	15.07	0.64	1
1945	79.62	19.76	0.55	1
1946	150.00	4.15	0.62	1
1947	23.85	20.00	0.63	1
1948	137.68	1.08	0.66	1
1949	150.00	14.21	0.24	1
1950	63.38	20.00	0.45	1
1951	0.00	7.47	0.38	1
1952	11.03	20.00	0.24	1
1953	143.95	0.00	0.45	1
1954	150.00	19.58	0.57	1
1955	149.95	10.67	0.31	1
1956	105.45	10.51	0.38	1
1957	36.03	11.79	0.58	1
1958	107.28	9.06	0.55	1
1959	89.40	0.00	0.72	1
1960	97.68	0.00	0.67	1
1961	78.39	5.67	0.78	1
1962	148.98	20.00	0.56	1
1963	136.75	3.32	0.62	1
1964	94.87	12.66	0.72	1
1965	36.57	20.00	0.7	1
1966	36.25	16.05	0.63	1
1967	52.19	2.30	0.5	1
1968	30.20	0.00	0.36	1
1969	84.43	9.59	0.73	1
1970	76.85	0.00	0.67	1
1971	48.59	11.89	0.7	1
1972	130.52	20.00	0.28	1
1973	150.00	9.91	0.39	1
1974	100.45	0.00	0.45	1
1975	150.00	20.00	0.7	1
1976	150.00	9.55	0.74	1
1977	6.86	20.00	0.37	1
1978	127.29	3.14	0.61	1
1979	39.13	6.14	0.25	1
1980	42.36	0.00	0.45	1
1981	27.13	15.67	0.49	1
1982	132.61	20.00	0.66	1
1983	150.00	20.00	0.74	1
1984	83.01	20.00	0.4	1
1985	150.00	10.08	0.52	1
1986	76.39	20.00	0.59	1
1987	150.00	20.00	0.4	1
1988	52.44	20.00	0.79	1
1989	150.00	5.00	0.73	1
1990	21.52	11.16	0.38	1
1991	150.00	11.63	0.5	1
1992	100.85	13.80	0.34	1
1993	5.01	20.00	0.51	1
1994	20.11	20.00	0.61	1
1995	47.88	20.00	0.25	1
1996	36.55	20.00	0.72	1
1997	149.65	16.45	0.56	1
1998	116.54	20.00	0.79	1
1999	150.00	20.00	0.22	1
2000	150.00	3.34	0.7	1
2001	150.00	0.00	0.68	1
2002	150.00	6.02	0.28	1
2003	51.25	0.00	0.4	1
2004	51.72	10.34	0.73	1
2005	105.82	17.22	0.51	1
2006	79.28	12.13	0.44	1
2007	48.53	20.00	0.74	1
2008	97.53	20.00	0.26	1
2009	37.05	20.00	0.48	1
2010	16.46	20.00	0.59	1
2011	34.90	3.80	0.57	1
2012	89.10	0.00	0.36	1
2013	98.62	0.00	0.54	1
2014	27.33	20.00	0.63	1
2015	87.69	0.00	0.55	1
2016	136.97	8.86	0.61	1
2017	51.52	20.00	0.35	1
2018	32.75	20.00	0.7	1
2019	147.96	20.00	0.47	1
2020	150.00	4.07	0.79	1
2021	25.27	20.00	0.21	1
2022	23.56	0.00	0.43	1
2023	39.74	20.00	0.31	1
2024	102.26	20.00	0.53	1
2025	122.27	20.00	0.35	1
2026	88.85	9.76	0.64	1
2027	71.55	11.84	0.73	1
2028	45.82	11.16	0.33	1
2029	150.00	12.89	0.3	1
2030	150.00	17.17	0.73	1
2031	108.52	0.00	0.42	1
2032	116.30	11.28	0.46	1
2033	111.50	0.00	0.33	1
2034	128.26	20.00	0.46	1
2035	141.71	19.47	0.34	1
2036	150.00	3.42	0.6	1
2037	150.00	20.00	0.5	1
2038	84.48	20.00	0.67	1
2039	150.00	20.00	0.39	1
2040	69.55	0.00	0.5	1
2041	98.70	16.77	0.36	1
2042	112.82	8.77	0.76	1
2043	25.45	17.94	0.51	1
2044	51.04	20.00	0.3	1
2045	90.56	0.00	0.36	1
2046	31.70	12.12	0.25	1
2047	42.97	20.00	0.22	1
2048	150.00	20.00	0.52	1
2049	106.01	17.93	0.4	1
2050	149.37	0.00	0.78	1
2051	85.67	12.81	0.3	1
2052	48.99	13.58	0.68	1
2053	53.97	20.00	0.39	1
2054	150.00	0.00	0.33	1
2055	150.00	2.33	0.78	1
2056	99.91	20.00	0.68	1
2057	150.00	10.48	0.58	1
2058	150.00	1.94	0.62	1
2059	80.53	0.00	0.79	1
2060	135.51	0.00	0.56	1
2061	30.27	18.64	0.26	1
2062	150.00	4.81	0.24	1
2063	150.00	6.36	0.6	1
2064	112.52	0.00	0.59	1
2065	23.56	2.91	0.65	1
2066	102.03	3.50	0.27	1
2067	15.77	0.00	0.77	1
2068	94.71	15.19	0.53	1
2069	83.09	14.63	0.59	1
2070	143.68	18.32	0.22	1
2071	32.68	9.29	0.78	1
2072	137.57	4.93	0.54	1
2073	74.47	2.32	0.54	1
2074	34.97	20.00	0.77	1
2075	143.63	13.78	0.76	1
2076	110.71	2.89	0.33	1
2077	107.13	11.04	0.76	1
2078	28.31	0.00	0.64	1
2079	99.24	20.00	0.21	1
2080	85.41	20.00	0.34	1
2081	14.63	2.25	0.45	1
2082	111.53	19.75	0.55	1
2083	87.54	8.43	0.62	1
2084	150.00	20.00	0.33	1
2085	47.62	20.00	0.7	1
2086	134.44	0.00	0.71	1
2087	74.74	20.00	0.58	1
2088	113.67	20.00	0.75	1
2089	46.20	20.00	0.69	1
2090	80.07	11.26	0.33	1
2091	82.62	20.00	0.68	1
2092	36.71	8.98	0.77	1
2093	93.76	9.85	0.28	1
2094	47.54	20.00	0.79	1
2095	31.78	20.00	0.21	1
2096	18.88	0.00	0.51	1
2097	81.71	20.00	0.66	1
2098	95.08	0.00	0.67	1
2099	35.66	20.00	0.64	1
2100	21.42	8.42	0.52	1
2101	50.12	20.00	0.59	1
2102	123.14	19.81	0.62	1
2103	150.00	20.00	0.5	1
2104	150.00	20.00	0.56	1
2105	114.88	14.81	0.71	1
2106	85.30	1.24	0.39	1
2107	70.11	20.00	0.51	1
2108	30.60	20.00	0.21	1
2109	44.70	20.00	0.61	1
2110	50.19	20.00	0.32	1
2111	39.63	6.20	0.49	1
2112	150.00	15.68	0.33	1
2113	45.61	20.00	0.21	1
2114	34.49	20.00	0.49	1
2115	46.00	8.88	0.45	1
2116	99.64	0.00	0.46	1
2117	95.14	20.00	0.33	1
2118	150.00	20.00	0.77	1
2119	61.23	20.00	0.2	1
2120	150.00	20.00	0.73	1
2121	9.26	11.19	0.64	1
2122	36.62	20.00	0.3	1
2123	150.00	20.00	0.48	1
2124	87.25	9.55	0.79	1
2125	49.64	20.00	0.59	1
2126	80.14	3.46	0.28	1
2127	37.19	20.00	0.47	1
2128	150.00	0.00	0.48	1
2129	57.71	17.07	0.68	1
2130	136.48	20.00	0.75	1
2131	150.00	15.96	0.25	1
2132	117.88	7.69	0.39	1
2133	89.93	4.40	0.38	1
2134	43.70	20.00	0.8	1
2135	38.94	17.96	0.54	1
2136	22.46	4.22	0.73	1
2137	141.64	18.51	0.46	1
2138	33.77	14.85	0.63	1
2139	3.48	20.00	0.37	1
2140	128.46	20.00	0.75	1
2141	94.30	0.00	0.47	1
2142	144.96	20.00	0.68	1
2143	15.44	3.40	0.35	1
2144	150.00	12.26	0.62	1
2145	150.00	20.00	0.44	1
2146	140.04	11.82	0.22	1
2147	138.96	0.00	0.45	1
2148	77.27	20.00	0.53	1
2149	41.36	20.00	0.29	1
2150	109.94	4.38	0.31	1
2151	76.23	0.00	0.48	1
2152	95.63	15.17	0.41	1
2153	119.45	6.47	0.46	1
2154	150.00	20.00	0.48	1
2155	143.07	14.78	0.28	1
2156	92.44	20.00	0.31	1
2157	86.46	0.00	0.71	1
2158	150.00	9.47	0.3	1
2159	98.86	0.00	0.6	1
2160	33.37	20.00	0.45	1
2161	92.86	13.69	0.78	1
2162	140.95	0.00	0.24	1
2163	104.36	20.00	0.7	1
2164	60.37	17.28	0.49	1
2165	142.17	18.43	0.2	1
2166	47.55	10.46	0.36	1
2167	112.25	11.77	0.44	1
2168	141.68	20.00	0.39	1
2169	87.35	0.00	0.42	1
2170	27.47	20.00	0.75	1
2171	51.66	20.00	0.42	1
2172	134.50	9.24	0.45	1
2173	136.01	1.19	0.66	1
2174	99.19	8.15	0.68	1
2175	150.00	0.00	0.25	1
2176	150.00	0.00	0.62	1
2177	100.59	14.53	0.49	1
2178	60.61	20.00	0.28	1
2179	104.31	7.80	0.36	1
2180	150.00	4.71	0.23	1
2181	135.19	0.12	0.42	1
2182	42.22	20.00	0.35	1
2183	30.77	17.41	0.43	1
2184	110.46	20.00	0.55	1
2185	85.09	1.35	0.64	1
2186	137.46	9.05	0.56	1
2187	71.70	0.22	0.61	1
2188	123.80	20.00	0.72	1
2189	105.03	0.00	0.72	1
2190	83.04	3.04	0.72	1
2191	150.00	16.15	0.29	1
2192	90.55	0.00	0.35	1
2193	23.81	2.84	0.5	1
2194	107.13	6.78	0.42	1
2195	150.00	12.77	0.28	1
2196	150.00	20.00	0.37	1
2197	93.99	19.65	0.79	1
2198	149.68	20.00	0.41	1
2199	83.46	20.00	0.45	1
2200	150.00	9.12	0.2	1
2201	22.86	20.00	0.63	1
2202	90.96	0.00	0.45	1
2203	37.11	6.25	0.26	1
2204	25.37	20.00	0.78	1
2205	88.18	17.08	0.67	1
2206	52.96	18.20	0.64	1
2207	131.28	20.00	0.77	1
2208	103.50	4.34	0.44	1
2209	150.00	10.34	0.63	1
2210	150.00	20.00	0.32	1
2211	134.12	20.00	0.62	1
2212	106.76	0.00	0.21	1
2213	85.41	19.61	0.28	1
2214	95.14	20.00	0.46	1
2215	137.79	0.00	0.21	1
2216	133.27	0.00	0.48	1
2217	87.40	20.00	0.51	1
2218	12.66	20.00	0.57	1
2219	150.00	0.00	0.26	1
2220	93.08	0.00	0.31	1
2221	88.44	0.00	0.57	1
2222	15.81	20.00	0.59	1
2223	150.00	0.00	0.22	1
2224	147.27	20.00	0.52	1
2225	35.14	0.00	0.67	1
2226	96.91	20.00	0.24	1
2227	150.00	0.00	0.45	1
2228	53.97	0.00	0.4	1
2229	23.51	10.51	0.75	1
2230	150.00	1.29	0.31	1
2231	44.13	14.80	0.39	1
2232	65.53	20.00	0.74	1
2233	89.15	20.00	0.4	1
2234	17.74	16.00	0.52	1
2235	147.83	0.00	0.22	1
2236	29.58	2.03	0.79	1
2237	150.00	20.00	0.69	1
2238	22.40	19.53	0.58	1
2239	43.13	7.72	0.24	1
2240	49.19	12.97	0.24	1
2241	45.60	2.37	0.53	1
2242	124.88	20.00	0.37	1
2243	126.60	0.00	0.57	1
2244	31.87	8.12	0.56	1
2245	135.40	20.00	0.7	1
2246	135.23	3.56	0.37	1
2247	86.01	0.00	0.55	1
2248	41.83	9.25	0.67	1
2249	101.71	2.50	0.49	1
2250	134.96	15.14	0.7	1
2251	144.48	0.00	0.28	1
2252	128.86	0.00	0.64	1
2253	147.14	20.00	0.77	1
2254	140.93	11.43	0.4	1
2255	87.97	2.46	0.42	1
2256	34.37	6.81	0.25	1
2257	38.76	0.00	0.58	1
2258	24.42	20.00	0.53	1
2259	96.40	0.00	0.22	1
2260	26.21	1.73	0.65	1
2261	150.00	12.13	0.7	1
2262	141.71	20.00	0.74	1
2263	112.22	13.99	0.53	1
2264	20.61	19.40	0.47	1
2265	113.84	20.00	0.73	1
2266	44.67	0.00	0.44	1
2267	39.91	20.00	0.59	1
2268	25.75	20.00	0.57	1
2269	89.75	20.00	0.42	1
2270	135.38	10.88	0.25	1
2271	46.04	6.21	0.21	1
2272	67.97	20.00	0.46	1
2273	40.00	20.00	0.49	1
2274	150.00	0.00	0.69	1
2275	60.19	20.00	0.45	1
2276	150.00	20.00	0.37	1
2277	35.76	20.00	0.48	1
2278	87.73	20.00	0.34	1
2279	150.00	8.90	0.25	1
2280	33.21	0.00	0.27	1
2281	96.68	8.60	0.39	1
2282	150.00	3.78	0.21	1
2283	136.83	0.00	0.33	1
2284	104.86	20.00	0.67	1
2285	102.02	0.00	0.34	1
2286	95.38	3.75	0.27	1
2287	44.23	20.00	0.77	1
2288	115.46	20.00	0.57	1
2289	39.12	20.00	0.24	1
2290	30.45	20.00	0.24	1
2291	51.27	13.29	0.57	1
2292	81.02	6.10	0.52	1
2293	84.32	20.00	0.24	1
2294	92.44	13.85	0.33	1
2295	139.31	20.00	0.76	1
2296	150.00	0.00	0.54	1
2297	145.48	9.52	0.46	1
2298	22.14	0.00	0.35	1
2299	98.39	14.40	0.28	1
2300	135.82	16.07	0.44	1
2301	43.00	0.00	0.75	1
2302	87.74	9.80	0.23	1
2303	101.63	20.00	0.79	1
2304	82.93	0.00	0.32	1
2305	150.00	8.70	0.45	1
2306	124.97	0.00	0.23	1
2307	150.00	0.00	0.55	1
2308	58.62	20.00	0.49	1
2309	55.46	0.00	0.6	1
2310	140.83	17.28	0.53	1
2311	150.00	14.66	0.44	1
2312	136.90	16.89	0.64	1
2313	116.93	0.00	0.22	1
2314	88.75	0.00	0.52	1
2315	79.06	20.00	0.27	1
2316	129.63	1.27	0.46	1
2317	74.65	20.00	0.67	1
2318	150.00	9.88	0.29	1
2319	50.03	0.49	0.76	1
2320	150.00	0.00	0.73	1
2321	75.60	8.69	0.45	1
2322	25.15	20.00	0.2	1
2323	21.67	20.00	0.67	1
2324	143.77	20.00	0.73	1
2325	26.30	18.99	0.3	1
2326	150.00	18.57	0.75	1
2327	38.57	0.00	0.75	1
2328	42.25	20.00	0.48	1
2329	38.03	20.00	0.68	1
2330	99.34	12.43	0.47	1
2331	150.00	20.00	0.54	1
2332	120.49	0.00	0.39	1
2333	44.06	20.00	0.3	1
2334	57.26	0.00	0.65	1
2335	111.59	0.00	0.2	1
2336	109.10	11.17	0.55	1
2337	143.16	20.00	0.72	1
2338	128.54	0.00	0.33	1
2339	150.00	6.72	0.4	1
2340	143.86	15.34	0.55	1
2341	147.26	8.78	0.35	1
2342	9.10	20.00	0.71	1
2343	40.47	20.00	0.42	1
2344	116.53	0.00	0.55	1
2345	150.00	20.00	0.34	1
2346	150.00	8.28	0.22	1
2347	62.03	20.00	0.3	1
2348	150.00	9.17	0.23	1
2349	21.66	2.98	0.48	1
2350	150.00	16.86	0.55	1
2351	150.00	17.49	0.23	1
2352	137.80	7.86	0.25	1
2353	102.34	20.00	0.49	1
2354	124.69	0.00	0.68	1
2355	110.90	20.00	0.58	1
2356	150.00	20.00	0.26	1
2357	47.63	11.17	0.73	1
2358	106.21	16.90	0.75	1
2359	150.00	20.00	0.39	1
2360	50.73	20.00	0.57	1
2361	150.00	20.00	0.5	1
2362	90.92	12.82	0.77	1
2363	6.12	8.83	0.51	1
2364	79.67	16.68	0.78	1
2365	86.72	0.00	0.32	1
2366	42.64	20.00	0.41	1
2367	150.00	20.00	0.67	1
2368	104.57	6.16	0.67	1
2369	102.85	9.81	0.64	1
2370	37.32	20.00	0.72	1
2371	141.31	19.08	0.62	1
2372	96.66	0.00	0.58	1
2373	46.86	20.00	0.48	1
2374	15.33	0.00	0.48	1
2375	23.60	0.70	0.44	1
2376	150.00	1.60	0.57	1
2377	19.52	0.00	0.44	1
2378	48.85	20.00	0.29	1
2379	150.00	0.00	0.26	1
2380	34.92	16.97	0.75	1
2381	98.80	0.30	0.21	1
2382	33.85	20.00	0.26	1
2383	114.41	20.00	0.47	1
2384	142.75	2.82	0.36	1
2385	83.19	20.00	0.44	1
2386	150.00	0.00	0.27	1
2387	150.00	0.00	0.28	1
2388	90.21	20.00	0.68	1
2389	76.09	19.60	0.66	1
2390	150.00	0.00	0.26	1
2391	121.44	0.00	0.6	1
2392	150.00	5.21	0.57	1
2393	24.03	20.00	0.63	1
2394	23.64	20.00	0.48	1
2395	42.87	13.18	0.36	1
2396	86.07	15.34	0.6	1
2397	91.74	0.00	0.42	1
2398	106.61	16.50	0.33	1
2399	114.17	19.26	0.45	1
2400	107.12	0.77	0.66	1
2401	54.61	18.69	0.49	1
2402	125.66	9.46	0.38	1
2403	98.12	4.54	0.7	1
2404	32.14	20.00	0.73	1
2405	33.61	16.88	0.46	1
2406	127.85	0.00	0.42	1
2407	140.31	9.40	0.57	1
2408	34.43	20.00	0.23	1
2409	98.39	20.00	0.61	1
2410	104.84	11.73	0.67	1
2411	146.32	19.13	0.44	1
2412	150.00	20.00	0.3	1
2413	83.24	5.82	0.22	1
2414	142.81	18.85	0.58	1
2415	150.00	13.06	0.36	1
2416	135.82	20.00	0.48	1
2417	90.06	20.00	0.43	1
2418	149.64	0.00	0.3	1
2419	150.00	20.00	0.51	1
2420	81.06	5.80	0.48	1
2421	96.90	20.00	0.57	1
2422	53.61	19.86	0.35	1
2423	110.72	12.22	0.33	1
2424	45.31	14.50	0.69	1
2425	92.54	20.00	0.62	1
2426	145.50	0.00	0.66	1
2427	85.70	7.17	0.27	1
2428	150.00	20.00	0.33	1
2429	150.00	0.00	0.55	1
2430	41.21	19.34	0.71	1
2431	144.95	12.18	0.74	1
2432	101.32	17.83	0.7	1
2433	89.45	20.00	0.23	1
2434	142.61	20.00	0.69	1
2435	150.00	8.40	0.74	1
2436	7.85	20.00	0.23	1
2437	150.00	13.33	0.45	1
2438	23.81	20.00	0.52	1
2439	100.59	9.48	0.34	1
2440	20.73	0.00	0.51	1
2441	127.12	11.93	0.73	1
2442	55.50	20.00	0.72	1
2443	150.00	20.00	0.76	1
2444	0.00	20.00	0.49	1
2445	150.00	12.23	0.45	1
2446	36.20	19.65	0.6	1
2447	30.42	17.32	0.45	1
2448	24.54	20.00	0.23	1
2449	7.22	20.00	0.63	1
2450	39.32	20.00	0.37	1
2451	94.81	20.00	0.23	1
2452	123.48	20.00	0.21	1
2453	46.92	4.46	0.76	1
2454	30.85	11.86	0.35	1
2455	150.00	11.25	0.47	1
2456	26.39	20.00	0.77	1
2457	36.79	1.79	0.48	1
2458	44.91	0.00	0.25	1
2459	95.55	20.00	0.53	1
2460	34.76	20.00	0.25	1
2461	116.43	2.53	0.26	1
2462	88.75	9.93	0.71	1
2463	112.15	8.07	0.37	1
2464	111.08	7.99	0.61	1
2465	60.55	17.58	0.51	1
2466	61.22	1.12	0.33	1
2467	34.45	4.07	0.51	1
2468	117.82	20.00	0.24	1
2469	32.21	20.00	0.41	1
2470	69.18	20.00	0.51	1
2471	41.73	20.00	0.34	1
2472	42.97	19.50	0.6	1
2473	116.62	16.49	0.23	1
2474	35.08	1.77	0.49	1
2475	150.00	19.43	0.63	1
2476	109.65	0.00	0.46	1
2477	94.97	16.54	0.72	1
2478	150.00	0.00	0.58	1
2479	150.00	5.60	0.78	1
2480	147.02	8.22	0.37	1
2481	35.04	20.00	0.76	1
2482	150.00	20.00	0.56	1
2483	45.23	20.00	0.65	1
2484	92.70	20.00	0.74	1
2485	51.39	20.00	0.53	1
2486	95.46	20.00	0.72	1
2487	48.41	20.00	0.53	1
2488	33.50	20.00	0.56	1
2489	92.99	8.17	0.47	1
2490	19.75	20.00	0.29	1
2491	145.44	3.27	0.53	1
2492	102.84	20.00	0.79	1
2493	73.14	0.00	0.67	1
2494	138.43	19.04	0.65	1
2495	86.23	10.74	0.59	1
2496	86.12	18.86	0.41	1
2497	36.18	20.00	0.3	1
2498	150.00	0.00	0.33	1
2499	61.40	1.94	0.2	1
2500	146.91	15.73	0.6	1
2501	150.00	0.90	0.69	1
2502	145.02	20.00	0.36	1
2503	17.34	20.00	0.26	1
2504	90.34	0.00	0.4	1
2505	115.60	20.00	0.38	1
2506	132.02	13.00	0.47	1
2507	144.52	11.70	0.36	1
2508	150.00	20.00	0.4	1
2509	92.52	0.00	0.74	1
2510	150.00	17.13	0.4	1
2511	46.90	9.34	0.67	1
2512	23.81	8.14	0.58	1
2513	95.24	20.00	0.4	1
2514	70.52	0.00	0.69	1
2515	102.73	10.05	0.56	1
2516	37.32	20.00	0.21	1
2517	86.89	20.00	0.24	1
2518	27.38	12.77	0.65	1
2519	8.51	15.52	0.47	1
2520	139.38	0.00	0.44	1
2521	150.00	0.00	0.29	1
2522	64.22	7.82	0.29	1
2523	147.60	10.74	0.68	1
2524	150.00	20.00	0.7	1
2525	125.99	0.00	0.54	1
2526	109.09	20.00	0.38	1
2527	61.24	20.00	0.76	1
2528	150.00	18.06	0.57	1
2529	150.00	3.89	0.68	1
2530	83.77	17.64	0.2	1
2531	146.87	20.00	0.47	1
2532	41.76	20.00	0.72	1
2533	102.67	9.89	0.4	1
2534	135.93	10.79	0.64	1
2535	86.67	2.95	0.59	1
2536	150.00	11.78	0.29	1
2537	106.81	20.00	0.66	1
2538	136.56	0.00	0.27	1
2539	84.25	20.00	0.64	1
2540	39.18	20.00	0.79	1
2541	43.08	4.52	0.77	1
2542	110.69	20.00	0.68	1
2543	150.00	20.00	0.52	1
2544	150.00	17.93	0.6	1
2545	20.41	20.00	0.64	1
2546	28.41	20.00	0.21	1
2547	17.74	20.00	0.26	1
2548	37.64	20.00	0.56	1
2549	40.11	15.24	0.2	1
2550	21.56	17.82	0.75	1
2551	0.00	10.11	0.49	1
2552	140.18	7.61	0.35	1
2553	138.32	20.00	0.44	1
2554	79.90	0.00	0.71	1
2555	110.94	0.00	0.76	1
2556	98.07	20.00	0.27	1
2557	42.69	1.82	0.67	1
2558	15.40	20.00	0.55	1
2559	115.09	0.00	0.55	1
2560	29.55	16.17	0.67	1
2561	38.48	0.00	0.33	1
2562	37.18	18.59	0.52	1
2563	55.41	20.00	0.39	1
2564	96.04	0.00	0.26	1
2565	60.35	3.77	0.26	1
2566	28.72	15.74	0.28	1
2567	30.49	9.83	0.57	1
2568	19.39	18.84	0.26	1
2569	46.35	7.11	0.54	1
2570	145.68	20.00	0.55	1
2571	94.60	11.90	0.74	1
2572	120.55	3.86	0.58	1
2573	38.94	0.00	0.79	1
2574	82.20	11.37	0.22	1
2575	25.18	16.32	0.62	1
2576	87.38	20.00	0.22	1
2577	95.08	5.62	0.64	1
2578	100.20	2.53	0.43	1
2579	77.22	19.74	0.57	1
2580	83.66	13.46	0.39	1
2581	66.12	5.66	0.3	1
2582	30.70	0.00	0.63	1
2583	82.85	4.08	0.74	1
2584	150.00	20.00	0.31	1
2585	43.80	20.00	0.75	1
2586	54.52	20.00	0.28	1
2587	92.52	19.94	0.64	1
2588	118.90	0.00	0.78	1
2589	89.33	10.69	0.29	1
2590	88.25	20.00	0.46	1
2591	18.74	14.08	0.4	1
2592	61.44	20.00	0.43	1
2593	26.85	20.00	0.65	1
2594	111.29	12.41	0.6	1
2595	100.69	16.86	0.78	1
2596	116.41	20.00	0.31	1
2597	26.31	16.97	0.53	1
2598	42.12	2.06	0.47	1
2599	66.40	20.00	0.75	1
2600	147.23	0.00	0.21	1
2601	27.18	20.00	0.79	1
2602	93.37	10.81	0.49	1
2603	138.68	16.51	0.58	1
2604	84.64	0.00	0.42	1
2605	121.14	9.63	0.71	1
2606	136.09	20.00	0.54	1
2607	36.85	19.92	0.6	1
2608	92.46	20.00	0.59	1
2609	116.66	8.91	0.42	1
2610	150.00	20.00	0.25	1
2611	13.67	4.14	0.68	1
2612	82.57	0.00	0.37	1
2613	135.88	0.00	0.71	1
2614	144.71	4.90	0.57	1
2615	136.48	0.00	0.41	1
2616	51.77	20.00	0.56	1
2617	117.82	20.00	0.59	1
2618	89.31	6.39	0.62	1
2619	144.67	2.51	0.69	1
2620	97.59	20.00	0.3	1
2621	86.12	16.58	0.77	1
2622	150.00	11.10	0.45	1
2623	79.45	0.00	0.72	1
2624	79.80	0.00	0.33	1
2625	137.58	20.00	0.22	1
2626	22.86	20.00	0.54	1
2627	150.00	1.44	0.39	1
2628	66.03	20.00	0.79	1
2629	150.00	6.54	0.26	1
2630	96.77	4.64	0.23	1
2631	100.96	15.38	0.23	1
2632	125.62	4.68	0.33	1
2633	82.29	6.29	0.55	1
2634	150.00	0.00	0.5	1
2635	150.00	0.00	0.41	1
2636	3.00	20.00	0.25	1
2637	150.00	8.98	0.34	1
2638	30.07	0.00	0.31	1
2639	130.08	0.00	0.65	1
2640	150.00	12.87	0.67	1
2641	30.96	20.00	0.67	1
2642	103.11	20.00	0.78	1
2643	109.46	20.00	0.73	1
2644	105.72	2.56	0.5	1
2645	76.82	11.16	0.45	1
2646	33.74	7.37	0.75	1
2647	32.78	17.65	0.57	1
2648	133.95	19.60	0.38	1
2649	142.84	11.04	0.54	1
2650	148.85	0.00	0.8	1
2651	150.00	18.64	0.71	1
2652	102.76	20.00	0.37	1
2653	132.55	18.41	0.77	1
2654	33.55	18.17	0.79	1
2655	128.40	20.00	0.34	1
2656	148.44	15.71	0.74	1
2657	150.00	20.00	0.73	1
2658	105.72	19.69	0.22	1
2659	99.44	20.00	0.6	1
2660	26.27	20.00	0.38	1
2661	43.06	18.68	0.6	1
2662	150.00	0.00	0.75	1
2663	129.88	0.00	0.5	1
2664	34.83	17.66	0.45	1
2665	70.16	11.93	0.75	1
2666	150.00	15.26	0.78	1
2667	127.04	20.00	0.24	1
2668	150.00	2.58	0.75	1
2669	126.93	20.00	0.25	1
2670	51.51	4.56	0.4	1
2671	87.57	0.00	0.66	1
2672	24.12	0.00	0.67	1
2673	71.06	20.00	0.64	1
2674	51.93	15.90	0.22	1
2675	12.10	20.00	0.28	1
2676	80.91	20.00	0.76	1
2677	49.44	10.16	0.25	1
2678	40.30	8.46	0.25	1
2679	140.55	2.45	0.7	1
2680	52.26	17.25	0.58	1
2681	50.06	20.00	0.41	1
2682	59.47	6.82	0.3	1
2683	150.00	13.59	0.73	1
2684	96.22	20.00	0.79	1
2685	150.00	0.00	0.23	1
2686	25.41	0.00	0.53	1
2687	140.12	16.24	0.36	1
2688	33.13	15.44	0.7	1
2689	33.36	20.00	0.41	1
2690	25.94	18.53	0.63	1
2691	102.74	0.00	0.52	1
2692	134.62	20.00	0.52	1
2693	46.71	20.00	0.71	1
2694	117.56	20.00	0.48	1
2695	96.88	16.59	0.71	1
2696	57.14	20.00	0.42	1
2697	134.27	12.08	0.3	1
2698	150.00	0.00	0.47	1
2699	58.10	20.00	0.5	1
2700	140.04	9.06	0.49	1
2701	54.49	6.23	0.68	1
2702	97.87	4.94	0.54	1
2703	94.58	20.00	0.73	1
2704	85.48	12.92	0.51	1
2705	91.51	20.00	0.33	1
2706	150.00	0.00	0.28	1
2707	50.34	6.75	0.72	1
2708	73.73	20.00	0.23	1
2709	58.57	7.26	0.27	1
2710	39.53	20.00	0.24	1
2711	52.04	0.00	0.45	1
2712	35.17	20.00	0.52	1
2713	80.96	8.64	0.21	1
2714	138.50	6.12	0.51	1
2715	94.37	8.03	0.44	1
2716	81.03	20.00	0.66	1
2717	142.75	0.00	0.7	1
2718	138.75	14.96	0.61	1
2719	40.91	0.00	0.48	1
2720	47.62	20.00	0.33	1
2721	127.57	9.90	0.71	1
2722	28.42	12.45	0.41	1
2723	82.78	11.28	0.41	1
2724	108.02	15.19	0.75	1
2725	85.17	19.63	0.79	1
2726	118.18	20.00	0.74	1
2727	150.00	20.00	0.8	1
2728	45.62	20.00	0.72	1
2729	136.91	0.72	0.62	1
2730	77.74	20.00	0.38	1
2731	150.00	20.00	0.77	1
2732	97.69	12.41	0.73	1
2733	109.55	20.00	0.34	1
2734	150.00	0.00	0.49	1
2735	101.03	20.00	0.24	1
2736	29.47	20.00	0.77	1
2737	42.22	18.77	0.54	1
2738	82.98	20.00	0.35	1
2739	142.47	20.00	0.38	1
2740	150.00	7.98	0.79	1
2741	34.19	0.00	0.57	1
2742	50.54	20.00	0.45	1
2743	150.00	20.00	0.5	1
2744	53.95	2.49	0.26	1
2745	1.60	20.00	0.25	1
2746	19.04	0.00	0.56	1
2747	87.19	0.00	0.51	1
2748	23.11	0.00	0.42	1
2749	138.73	18.21	0.54	1
2750	44.00	20.00	0.24	1
2751	150.00	4.60	0.77	1
2752	150.00	20.00	0.38	1
2753	80.95	0.00	0.24	1
2754	138.59	0.00	0.3	1
2755	16.86	9.28	0.26	1
2756	24.06	5.82	0.31	1
2757	126.30	20.00	0.45	1
2758	147.36	18.48	0.64	1
2759	23.23	7.85	0.36	1
2760	67.28	20.00	0.46	1
2761	115.56	10.42	0.76	1
2762	88.24	12.93	0.38	1
2763	80.88	8.72	0.68	1
2764	80.50	5.00	0.29	1
2765	97.60	20.00	0.31	1
2766	84.57	19.82	0.47	1
2767	38.80	20.00	0.34	1
2768	143.20	20.00	0.74	1
2769	63.04	18.36	0.23	1
2770	150.00	7.49	0.56	1
2771	97.75	5.56	0.56	1
2772	150.00	0.00	0.24	1
2773	89.81	14.48	0.64	1
2774	141.00	8.30	0.48	1
2775	59.37	15.49	0.63	1
2776	77.63	20.00	0.7	1
2777	87.25	2.80	0.39	1
2778	122.14	0.00	0.49	1
2779	86.72	20.00	0.36	1
2780	52.22	14.88	0.32	1
2781	25.14	20.00	0.2	1
2782	33.34	13.45	0.78	1
2783	150.00	20.00	0.46	1
2784	97.94	15.80	0.21	1
2785	139.90	16.67	0.21	1
2786	25.65	17.29	0.37	1
2787	150.00	0.00	0.21	1
2788	59.52	20.00	0.42	1
2789	150.00	5.50	0.24	1
2790	34.84	20.00	0.22	1
2791	19.76	20.00	0.6	1
2792	144.95	3.89	0.74	1
2793	31.50	20.00	0.45	1
2794	15.78	20.00	0.7	1
2795	147.34	11.66	0.22	1
2796	150.00	13.27	0.67	1
2797	70.50	1.97	0.24	1
2798	28.56	20.00	0.7	1
2799	86.42	20.00	0.73	1
2800	8.89	20.00	0.67	1
2801	81.77	12.05	0.69	1
2802	35.54	20.00	0.54	1
2803	25.31	20.00	0.36	1
2804	89.52	0.00	0.59	1
2805	147.17	9.51	0.46	1
2806	150.00	10.13	0.2	1
2807	83.02	17.75	0.49	1
2808	135.17	19.96	0.59	1
2809	84.22	5.99	0.21	1
2810	148.38	0.00	0.57	1
2811	39.90	17.10	0.59	1
2812	28.61	10.68	0.29	1
2813	150.00	20.00	0.46	1
2814	101.69	0.00	0.78	1
2815	43.25	9.57	0.73	1
2816	146.14	11.96	0.45	1
2817	99.10	20.00	0.41	1
2818	127.94	18.92	0.27	1
2819	131.80	20.00	0.22	1
2820	105.29	14.09	0.38	1
2821	143.80	13.47	0.76	1
2822	145.91	20.00	0.78	1
2823	77.24	20.00	0.69	1
2824	150.00	0.00	0.41	1
2825	137.98	0.00	0.29	1
2826	15.01	20.00	0.56	1
2827	150.00	14.84	0.59	1
2828	142.49	20.00	0.45	1
2829	150.00	19.73	0.61	1
2830	132.31	15.20	0.65	1
2831	145.28	20.00	0.67	1
2832	96.36	20.00	0.5	1
2833	13.31	14.36	0.67	1
2834	121.03	20.00	0.22	1
2835	54.32	10.76	0.61	1
2836	86.60	20.00	0.34	1
2837	42.64	20.00	0.36	1
2838	27.17	20.00	0.25	1
2839	88.61	8.69	0.32	1
2840	23.00	5.79	0.8	1
2841	150.00	11.63	0.45	1
2842	83.55	15.75	0.76	1
2843	50.58	14.92	0.3	1
2844	38.69	10.24	0.32	1
2845	150.00	0.26	0.53	1
2846	150.00	3.46	0.41	1
2847	84.23	0.00	0.59	1
2848	47.95	20.00	0.45	1
2849	101.71	0.00	0.69	1
2850	141.96	20.00	0.46	1
2851	95.87	0.00	0.54	1
2852	75.08	5.44	0.39	1
2853	95.39	18.41	0.62	1
2854	150.00	4.00	0.59	1
2855	139.87	12.07	0.44	1
2856	109.57	16.72	0.37	1
2857	15.94	0.00	0.57	1
2858	39.89	10.62	0.77	1
2859	150.00	17.48	0.28	1
2860	45.89	20.00	0.68	1
2861	40.89	20.00	0.53	1
2862	59.17	18.63	0.52	1
2863	137.69	6.58	0.78	1
2864	66.76	14.03	0.56	1
2865	98.74	20.00	0.7	1
2866	28.97	1.37	0.51	1
2867	87.82	18.45	0.35	1
2868	16.23	20.00	0.62	1
2869	85.21	8.84	0.75	1
2870	150.00	20.00	0.7	1
2871	28.13	3.11	0.32	1
2872	10.78	20.00	0.39	1
2873	81.27	0.00	0.51	1
2874	95.49	12.27	0.54	1
2875	150.00	8.31	0.32	1
2876	104.31	3.34	0.34	1
2877	105.74	12.40	0.66	1
2878	96.70	0.00	0.64	1
2879	48.09	9.72	0.7	1
2880	84.84	16.46	0.76	1
2881	150.00	20.00	0.38	1
2882	76.58	20.00	0.72	1
2883	46.38	20.00	0.6	1
2884	92.83	2.84	0.77	1
2885	13.70	13.70	0.36	1
2886	87.82	6.78	0.36	1
2887	121.80	0.00	0.62	1
2888	36.91	20.00	0.76	1
2889	103.33	0.00	0.69	1
2890	9.79	15.63	0.64	1
2891	133.63	20.00	0.43	1
2892	150.00	20.00	0.63	1
2893	94.68	8.22	0.68	1
2894	148.52	0.00	0.65	1
2895	91.96	0.00	0.61	1
2896	19.24	0.00	0.23	1
2897	149.40	7.52	0.6	1
2898	76.40	20.00	0.49	1
2899	143.19	4.95	0.78	1
2900	150.00	20.00	0.56	1
2901	150.00	2.49	0.56	1
2902	86.87	1.30	0.8	1
2903	63.79	19.16	0.26	1
2904	142.18	20.00	0.37	1
2905	25.82	14.73	0.59	1
2906	99.69	0.00	0.39	1
2907	136.98	6.28	0.41	1
2908	150.00	16.43	0.74	1
2909	56.43	13.48	0.55	1
2910	95.39	20.00	0.26	1
2911	115.22	19.67	0.39	1
2912	105.81	20.00	0.25	1
2913	100.90	20.00	0.53	1
2914	150.00	0.00	0.3	1
2915	79.34	0.00	0.71	1
2916	43.40	20.00	0.55	1
2917	49.74	20.00	0.24	1
2918	89.55	19.39	0.38	1
2919	46.28	20.00	0.57	1
2920	150.00	20.00	0.4	1
2921	104.75	3.22	0.51	1
2922	135.65	18.34	0.75	1
2923	150.00	20.00	0.41	1
2924	51.99	0.00	0.4	1
2925	45.17	7.69	0.69	1
2926	140.99	0.00	0.39	1
2927	149.11	19.47	0.25	1
2928	136.72	20.00	0.31	1
2929	130.02	1.96	0.77	1
2930	66.21	13.30	0.76	1
2931	51.21	20.00	0.33	1
2932	148.40	15.33	0.53	1
2933	142.34	20.00	0.28	1
2934	106.06	15.22	0.6	1
2935	56.39	20.00	0.31	1
2936	103.49	19.88	0.23	1
2937	21.16	0.00	0.69	1
2938	121.48	9.70	0.4	1
2939	140.88	3.79	0.27	1
2940	64.93	4.95	0.7	1
2941	91.71	0.00	0.66	1
2942	35.92	20.00	0.61	1
2943	135.66	20.00	0.75	1
2944	144.66	5.74	0.49	1
2945	150.00	20.00	0.28	1
2946	23.18	20.00	0.24	1
2947	137.76	20.00	0.39	1
2948	147.35	11.40	0.25	1
2949	118.50	11.84	0.52	1
2950	81.38	16.22	0.21	1
2951	92.98	0.00	0.47	1
2952	102.67	9.00	0.31	1
2953	45.23	17.55	0.42	1
2954	127.05	20.00	0.61	1
2955	150.00	17.35	0.41	1
2956	59.77	4.81	0.4	1
2957	37.58	20.00	0.79	1
2958	55.94	20.00	0.63	1
2959	109.73	15.66	0.51	1
2960	96.07	2.16	0.55	1
2961	44.23	20.00	0.57	1
2962	33.04	20.00	0.21	1
2963	94.25	20.00	0.25	1
2964	88.55	0.00	0.59	1
2965	108.04	15.36	0.42	1
2966	87.41	12.50	0.23	1
2967	91.28	20.00	0.38	1
2968	27.17	13.85	0.28	1
2969	97.76	8.25	0.75	1
2970	12.62	20.00	0.32	1
2971	81.91	13.89	0.29	1
2972	62.59	20.00	0.58	1
2973	13.63	19.37	0.51	1
2974	61.63	3.24	0.55	1
2975	74.00	14.42	0.46	1
2976	43.31	20.00	0.48	1
2977	125.27	6.03	0.67	1
2978	46.62	7.98	0.33	1
2979	99.30	0.00	0.44	1
2980	116.00	15.81	0.77	1
2981	6.37	20.00	0.31	1
2982	115.92	11.62	0.38	1
2983	150.00	14.90	0.31	1
2984	28.51	13.99	0.21	1
2985	54.21	8.42	0.36	1
2986	144.97	12.43	0.23	1
2987	33.00	0.00	0.29	1
2988	83.62	0.00	0.42	1
2989	133.57	14.29	0.21	1
2990	95.48	12.63	0.65	1
2991	44.16	20.00	0.68	1
2992	100.42	4.71	0.45	1
2993	117.59	20.00	0.79	1
2994	37.89	20.00	0.61	1
2995	43.90	18.37	0.65	1
2996	108.32	7.81	0.32	1
2997	64.45	20.00	0.7	1
2998	86.11	14.81	0.77	1
2999	150.00	13.20	0.34	1
3000	117.87	0.82	0.61	1
3001	137.34	20.00	0.65	1
3002	36.20	0.00	0.38	1
3003	22.60	13.65	0.49	1
3004	150.00	0.00	0.26	1
3005	141.33	7.95	0.3	1
3006	127.56	0.00	0.24	1
3007	112.89	20.00	0.54	1
3008	141.71	0.00	0.58	1
3009	43.74	0.00	0.75	1
3010	55.23	4.26	0.53	1
3011	45.44	6.90	0.36	1
3012	47.88	16.67	0.24	1
3013	93.41	3.06	0.73	1
3014	21.08	20.00	0.49	1
3015	101.95	20.00	0.64	1
3016	150.00	0.00	0.21	1
3017	149.61	0.00	0.49	1
3018	44.22	20.00	0.4	1
3019	22.63	20.00	0.22	1
3020	115.35	20.00	0.67	1
3021	150.00	0.00	0.51	1
3022	88.52	6.13	0.4	1
3023	150.00	15.94	0.68	1
3024	96.67	20.00	0.47	1
3025	88.16	20.00	0.2	1
3026	32.78	12.31	0.77	1
3027	60.85	20.00	0.35	1
3028	96.00	0.00	0.7	1
3029	30.59	20.00	0.69	1
3030	99.70	0.00	0.3	1
3031	150.00	20.00	0.48	1
3032	28.33	13.13	0.22	1
3033	107.85	11.23	0.41	1
3034	81.20	0.00	0.64	1
3035	83.03	14.30	0.34	1
3036	93.63	0.00	0.27	1
3037	150.00	1.75	0.5	1
3038	97.80	11.01	0.52	1
3039	119.29	20.00	0.61	1
3040	78.50	20.00	0.66	1
3041	150.00	20.00	0.62	1
3042	150.00	11.26	0.71	1
3043	99.15	20.00	0.33	1
3044	53.95	20.00	0.54	1
3045	23.51	6.13	0.42	1
3046	23.39	0.00	0.78	1
3047	150.00	0.00	0.46	1
3048	71.87	19.62	0.78	1
3049	150.00	20.00	0.66	1
3050	86.31	20.00	0.63	1
3051	149.03	7.70	0.49	1
3052	126.96	0.00	0.47	1
3053	51.08	20.00	0.52	1
3054	83.53	13.81	0.38	1
3055	126.54	15.73	0.74	1
3056	78.10	20.00	0.68	1
3057	45.53	1.75	0.68	1
3058	150.00	12.28	0.46	1
3059	143.15	2.17	0.24	1
3060	68.83	15.39	0.61	1
3061	89.89	16.06	0.42	1
3062	150.00	20.00	0.72	1
3063	63.23	20.00	0.67	1
3064	84.88	0.00	0.29	1
3065	84.10	20.00	0.56	1
3066	99.46	3.90	0.62	1
3067	40.07	5.33	0.54	1
3068	118.72	15.30	0.51	1
3069	105.27	4.54	0.34	1
3070	128.16	3.39	0.34	1
3071	143.57	3.64	0.66	1
3072	123.24	6.85	0.21	1
3073	130.93	14.84	0.67	1
3074	150.00	20.00	0.52	1
3075	125.51	20.00	0.76	1
3076	87.45	0.00	0.8	1
3077	132.72	0.00	0.6	1
3078	26.61	3.82	0.45	1
3079	142.41	0.00	0.49	1
3080	72.77	0.00	0.32	1
3081	93.98	7.22	0.26	1
3082	85.04	6.03	0.55	1
3083	116.15	19.17	0.68	1
3084	45.58	20.00	0.36	1
3085	150.00	0.00	0.45	1
3086	150.00	20.00	0.53	1
3087	150.00	12.13	0.74	1
3088	65.62	0.74	0.28	1
3089	103.81	20.00	0.34	1
3090	41.94	8.68	0.75	1
3091	85.62	16.68	0.22	1
3092	36.48	20.00	0.59	1
3093	112.23	20.00	0.58	1
3094	27.08	13.28	0.43	1
3095	25.82	20.00	0.48	1
3096	84.31	3.37	0.71	1
3097	148.25	0.00	0.3	1
3098	150.00	18.07	0.34	1
3099	92.50	2.52	0.51	1
3100	108.95	0.00	0.45	1
3101	71.46	16.52	0.54	1
3102	121.38	12.90	0.75	1
3103	22.52	20.00	0.75	1
3104	89.77	0.00	0.34	1
3105	38.66	20.00	0.38	1
3106	108.18	16.13	0.3	1
3107	132.01	15.06	0.76	1
3108	150.00	12.01	0.44	1
3109	24.64	8.16	0.47	1
3110	146.85	20.00	0.68	1
3111	8.96	20.00	0.51	1
3112	150.00	0.00	0.27	1
3113	41.76	0.00	0.46	1
3114	15.71	20.00	0.58	1
3115	2.96	20.00	0.63	1
3116	58.04	13.06	0.59	1
3117	150.00	14.07	0.27	1
3118	32.20	11.93	0.38	1
3119	87.93	5.65	0.64	1
3120	45.29	12.70	0.73	1
3121	34.05	0.00	0.23	1
3122	122.63	0.00	0.23	1
3123	150.00	20.00	0.59	1
3124	124.32	13.71	0.53	1
3125	6.51	20.00	0.29	1
3126	102.47	19.54	0.53	1
3127	45.27	20.00	0.78	1
3128	142.90	18.63	0.58	1
3129	150.00	0.00	0.47	1
3130	122.99	18.62	0.7	1
3131	150.00	20.00	0.33	1
3132	18.68	15.57	0.45	1
3133	150.00	0.00	0.52	1
3134	111.49	0.00	0.5	1
3135	95.45	20.00	0.75	1
3136	41.36	20.00	0.38	1
3137	87.79	3.86	0.23	1
3138	112.56	0.00	0.75	1
3139	93.76	0.00	0.33	1
3140	150.00	11.97	0.43	1
3141	94.80	4.89	0.52	1
3142	98.35	0.00	0.79	1
3143	42.19	10.89	0.52	1
3144	39.82	19.32	0.47	1
3145	150.00	5.67	0.55	1
3146	63.68	17.73	0.78	1
3147	96.31	20.00	0.69	1
3148	137.71	18.89	0.3	1
3149	53.14	8.56	0.68	1
3150	150.00	0.00	0.7	1
3151	112.46	11.85	0.61	1
3152	150.00	2.40	0.59	1
3153	24.13	20.00	0.46	1
3154	77.39	20.00	0.59	1
3155	105.59	20.00	0.64	1
3156	102.60	15.81	0.27	1
3157	145.46	13.89	0.35	1
3158	123.72	4.98	0.32	1
3159	97.34	20.00	0.7	1
3160	150.00	14.35	0.61	1
3161	150.00	14.62	0.47	1
3162	84.39	5.56	0.7	1
3163	81.88	6.28	0.63	1
3164	82.20	12.38	0.75	1
3165	143.23	0.00	0.25	1
3166	93.52	5.24	0.51	1
3167	92.28	3.53	0.62	1
3168	150.00	0.00	0.32	1
3169	150.00	20.00	0.4	1
3170	41.72	20.00	0.45	1
3171	150.00	12.90	0.68	1
3172	30.95	3.92	0.5	1
3173	104.40	20.00	0.5	1
3174	24.06	18.89	0.46	1
3175	32.09	20.00	0.34	1
3176	0.00	5.85	0.75	1
3177	114.58	0.00	0.39	1
3178	150.00	0.00	0.54	1
3179	86.10	15.83	0.29	1
3180	150.00	7.38	0.46	1
3181	150.00	0.00	0.74	1
3182	37.70	20.00	0.8	1
3183	148.34	20.00	0.42	1
3184	67.38	20.00	0.29	1
3185	150.00	9.88	0.39	1
3186	34.58	17.48	0.4	1
3187	150.00	6.89	0.59	1
3188	92.12	7.99	0.5	1
3189	109.49	0.00	0.66	1
3190	88.56	10.60	0.62	1
3191	38.30	6.13	0.35	1
3192	103.76	20.00	0.67	1
3193	106.75	18.62	0.71	1
3194	139.73	8.12	0.56	1
3195	99.34	13.20	0.76	1
3196	150.00	0.00	0.67	1
3197	147.87	14.60	0.56	1
3198	142.11	7.68	0.74	1
3199	112.46	0.00	0.56	1
3200	143.87	11.16	0.51	1
3201	139.35	20.00	0.41	1
3202	123.35	20.00	0.73	1
3203	27.29	9.83	0.27	1
3204	150.00	4.14	0.48	1
3205	109.42	0.00	0.52	1
3206	108.63	0.00	0.53	1
3207	119.18	20.00	0.59	1
3208	92.55	20.00	0.5	1
3209	28.89	4.90	0.35	1
3210	144.69	0.00	0.71	1
3211	150.00	16.01	0.59	1
3212	150.00	0.00	0.71	1
3213	103.69	20.00	0.37	1
3214	72.74	20.00	0.58	1
3215	100.03	13.99	0.63	1
3216	27.34	20.00	0.43	1
3217	111.49	0.00	0.69	1
3218	150.00	14.47	0.2	1
3219	55.71	20.00	0.56	1
3220	43.25	6.33	0.57	1
3221	146.86	17.38	0.52	1
3222	38.88	10.65	0.58	1
3223	150.00	0.00	0.3	1
3224	57.02	0.00	0.61	1
3225	102.45	20.00	0.4	1
3226	74.71	0.00	0.47	1
3227	88.70	5.60	0.4	1
3228	87.83	0.00	0.48	1
3229	41.41	15.16	0.57	1
3230	27.67	3.45	0.7	1
3231	139.79	5.68	0.49	1
3232	130.96	10.17	0.39	1
3233	16.08	20.00	0.49	1
3234	143.54	20.00	0.61	1
3235	94.06	2.31	0.41	1
3236	44.06	7.32	0.45	1
3237	150.00	20.00	0.54	1
3238	87.70	18.42	0.38	1
3239	32.18	14.17	0.33	1
3240	22.59	3.01	0.28	1
3241	28.61	20.00	0.41	1
3242	117.41	0.00	0.23	1
3243	143.04	1.09	0.55	1
3244	23.71	20.00	0.31	1
3245	97.98	20.00	0.43	1
3246	80.57	15.51	0.36	1
3247	150.00	0.00	0.58	1
3248	108.04	20.00	0.71	1
3249	52.96	19.38	0.58	1
3250	143.12	20.00	0.53	1
3251	144.65	17.50	0.6	1
3252	102.23	8.45	0.22	1
3253	144.57	6.75	0.27	1
3254	150.00	3.22	0.26	1
3255	126.27	1.37	0.26	1
3256	22.12	2.17	0.36	1
3257	37.95	6.14	0.52	1
3258	44.76	7.98	0.27	1
3259	47.17	20.00	0.76	1
3260	143.91	20.00	0.71	1
3261	43.82	20.00	0.78	1
3262	40.01	12.64	0.23	1
3263	141.48	20.00	0.71	1
3264	101.01	5.28	0.68	1
3265	34.64	20.00	0.74	1
3266	21.89	20.00	0.52	1
3267	46.75	16.87	0.67	1
3268	149.61	20.00	0.23	1
3269	105.36	15.46	0.25	1
3270	150.00	20.00	0.27	1
3271	150.00	8.33	0.75	1
3272	97.75	17.05	0.24	1
3273	30.74	20.00	0.26	1
3274	138.12	20.00	0.76	1
3275	81.13	13.33	0.26	1
3276	112.82	12.05	0.72	1
3277	149.34	0.00	0.67	1
3278	90.62	0.00	0.22	1
3279	150.00	12.86	0.21	1
3280	150.00	20.00	0.52	1
3281	149.06	9.34	0.8	1
3282	37.29	0.00	0.73	1
3283	30.07	20.00	0.39	1
3284	150.00	10.30	0.43	1
3285	132.57	20.00	0.43	1
3286	142.86	3.81	0.64	1
3287	31.48	4.28	0.4	1
3288	38.37	20.00	0.29	1
3289	68.49	0.00	0.65	1
3290	5.66	20.00	0.47	1
3291	91.69	8.06	0.25	1
3292	150.00	20.00	0.67	1
3293	148.08	17.33	0.55	1
3294	12.87	18.52	0.49	1
3295	142.46	0.00	0.6	1
3296	150.00	3.01	0.5	1
3297	117.96	20.00	0.59	1
3298	110.58	0.00	0.72	1
3299	62.12	17.74	0.57	1
3300	85.63	14.78	0.6	1
3301	139.44	19.91	0.57	1
3302	24.12	20.00	0.52	1
3303	150.00	0.61	0.3	1
3304	150.00	5.97	0.4	1
3305	29.20	13.20	0.62	1
3306	150.00	12.12	0.46	1
3307	97.58	17.00	0.44	1
3308	139.50	6.20	0.66	1
3309	150.00	9.99	0.2	1
3310	93.73	20.00	0.61	1
3311	150.00	16.93	0.49	1
3312	33.32	20.00	0.43	1
3313	132.83	0.00	0.4	1
3314	148.56	8.55	0.3	1
3315	49.41	20.00	0.4	1
3316	115.70	13.53	0.43	1
3317	41.23	12.58	0.46	1
3318	95.06	0.00	0.6	1
3319	86.81	4.58	0.47	1
3320	98.70	14.87	0.68	1
3321	137.30	0.00	0.58	1
3322	128.96	20.00	0.31	1
3323	79.33	18.98	0.37	1
3324	32.74	18.72	0.25	1
3325	146.47	20.00	0.77	1
3326	150.00	6.24	0.73	1
3327	76.76	0.00	0.25	1
3328	0.00	10.27	0.54	1
3329	20.82	17.88	0.78	1
3330	102.32	7.06	0.65	1
3331	94.76	6.35	0.5	1
3332	14.57	20.00	0.34	1
3333	150.00	3.31	0.37	1
3334	150.00	20.00	0.64	1
3335	139.01	8.84	0.67	1
3336	53.04	20.00	0.52	1
3337	21.66	20.00	0.27	1
3338	150.00	7.13	0.76	1
3339	109.59	0.00	0.71	1
3340	150.00	9.85	0.28	1
3341	36.01	17.44	0.23	1
3342	78.33	4.71	0.52	1
3343	99.19	20.00	0.37	1
3344	83.16	20.00	0.37	1
3345	150.00	0.00	0.25	1
3346	144.21	0.00	0.77	1
3347	26.77	6.54	0.7	1
3348	140.78	0.00	0.27	1
3349	27.65	20.00	0.73	1
3350	135.54	0.00	0.61	1
3351	97.65	4.02	0.4	1
3352	38.14	20.00	0.72	1
3353	27.82	6.97	0.56	1
3354	97.67	0.00	0.71	1
3355	150.00	19.56	0.48	1
3356	98.34	20.00	0.5	1
3357	51.77	0.00	0.37	1
3358	91.77	5.12	0.43	1
3359	150.00	20.00	0.54	1
3360	92.73	20.00	0.77	1
3361	150.00	18.15	0.56	1
3362	150.00	20.00	0.29	1
3363	38.07	0.00	0.2	1
3364	106.46	0.00	0.71	1
3365	28.70	0.00	0.42	1
3366	132.72	15.97	0.39	1
3367	42.31	20.00	0.68	1
3368	19.17	9.10	0.77	1
3369	110.28	20.00	0.65	1
3370	150.00	20.00	0.3	1
3371	50.39	20.00	0.43	1
3372	47.20	5.18	0.66	1
3373	150.00	8.65	0.74	1
3374	148.97	3.51	0.8	1
3375	83.04	0.00	0.51	1
3376	150.00	12.13	0.69	1
3377	150.00	0.00	0.23	1
3378	113.62	20.00	0.37	1
3379	78.52	0.00	0.42	1
3380	99.06	14.31	0.79	1
3381	101.71	8.17	0.2	1
3382	103.72	20.00	0.38	1
3383	126.87	6.67	0.76	1
3384	34.26	0.00	0.38	1
3385	138.19	7.13	0.34	1
3386	142.36	4.93	0.64	1
3387	41.61	5.52	0.65	1
3388	105.23	0.00	0.48	1
3389	150.00	17.56	0.77	1
3390	150.00	6.08	0.32	1
3391	21.00	20.00	0.75	1
3392	87.54	15.23	0.65	1
3393	150.00	16.63	0.42	1
3394	87.19	0.79	0.68	1
3395	109.42	0.00	0.28	1
3396	150.00	20.00	0.28	1
3397	150.00	20.00	0.76	1
3398	129.26	20.00	0.26	1
3399	133.91	20.00	0.2	1
3400	94.65	10.27	0.43	1
3401	89.15	4.10	0.26	1
3402	98.72	17.48	0.72	1
3403	108.41	0.00	0.75	1
3404	150.00	11.58	0.49	1
3405	21.31	18.22	0.46	1
3406	97.79	2.91	0.52	1
3407	116.26	6.61	0.34	1
3408	113.02	0.00	0.38	1
3409	108.16	0.00	0.26	1
3410	138.79	16.49	0.47	1
3411	97.41	14.60	0.57	1
3412	38.43	20.00	0.76	1
3413	150.00	20.00	0.64	1
3414	73.97	20.00	0.63	1
3415	150.00	0.00	0.38	1
3416	150.00	9.22	0.73	1
3417	38.97	20.00	0.77	1
3418	140.85	0.00	0.76	1
3419	131.18	5.09	0.22	1
3420	126.28	20.00	0.56	1
3421	69.23	20.00	0.59	1
3422	54.21	20.00	0.38	1
3423	47.63	18.42	0.8	1
3424	13.49	20.00	0.37	1
3425	76.72	0.00	0.33	1
3426	132.92	0.00	0.49	1
3427	126.66	20.00	0.39	1
3428	150.00	20.00	0.75	1
3429	118.45	7.64	0.46	1
3430	16.80	5.34	0.45	1
3431	98.86	9.50	0.58	1
3432	102.01	17.47	0.25	1
3433	137.12	5.54	0.65	1
3434	138.28	1.90	0.66	1
3435	100.50	20.00	0.48	1
3436	80.02	6.40	0.77	1
3437	90.85	0.00	0.55	1
3438	150.00	15.34	0.62	1
3439	99.76	0.00	0.75	1
3440	145.54	3.91	0.6	1
3441	34.11	20.00	0.46	1
3442	84.14	7.38	0.21	1
3443	150.00	10.61	0.64	1
3444	150.00	12.31	0.78	1
3445	150.00	20.00	0.48	1
3446	112.14	9.02	0.4	1
3447	0.00	1.45	0.51	1
3448	54.96	0.00	0.64	1
3449	44.86	20.00	0.2	1
3450	88.05	20.00	0.73	1
3451	3.02	20.00	0.73	1
3452	15.87	8.71	0.52	1
3453	102.62	18.15	0.27	1
3454	25.81	20.00	0.6	1
3455	122.64	18.51	0.28	1
3456	104.71	0.00	0.5	1
3457	141.89	20.00	0.26	1
3458	150.00	20.00	0.55	1
3459	142.08	19.64	0.39	1
3460	86.89	0.00	0.7	1
3461	55.67	6.51	0.68	1
3462	150.00	18.48	0.8	1
3463	150.00	1.71	0.35	1
3464	150.00	6.33	0.24	1
3465	129.54	0.00	0.47	1
3466	17.92	19.34	0.25	1
3467	28.39	14.90	0.31	1
3468	55.76	20.00	0.56	1
3469	30.09	20.00	0.56	1
3470	50.08	20.00	0.23	1
3471	130.90	2.68	0.47	1
3472	132.14	20.00	0.52	1
3473	76.89	11.35	0.36	1
3474	120.85	20.00	0.72	1
3475	38.75	14.14	0.3	1
3476	150.00	7.51	0.35	1
3477	121.55	20.00	0.29	1
3478	31.85	9.34	0.27	1
3479	150.00	20.00	0.73	1
3480	64.30	17.50	0.37	1
3481	92.78	9.28	0.63	1
3482	106.04	12.02	0.46	1
3483	135.45	20.00	0.58	1
3484	1.68	17.53	0.76	1
3485	150.00	19.31	0.71	1
3486	110.76	20.00	0.24	1
3487	105.33	7.97	0.71	1
3488	7.52	20.00	0.47	1
3489	150.00	14.81	0.41	1
3490	71.78	2.36	0.6	1
3491	86.40	20.00	0.77	1
3492	98.84	20.00	0.26	1
3493	145.35	2.70	0.66	1
3494	83.97	9.80	0.32	1
3495	88.70	0.00	0.43	1
3496	150.00	0.00	0.72	1
3497	144.48	11.16	0.53	1
3498	145.37	20.00	0.24	1
3499	136.83	20.00	0.5	1
3500	150.00	1.94	0.67	1
3501	109.14	0.00	0.52	1
3502	35.02	19.41	0.3	1
3503	108.63	11.93	0.47	1
3504	9.44	18.18	0.75	1
3505	94.76	12.57	0.59	1
3506	150.00	12.38	0.64	1
3507	63.05	0.00	0.67	1
3508	150.00	6.45	0.25	1
3509	89.67	20.00	0.55	1
3510	148.51	12.37	0.43	1
3511	120.33	11.63	0.28	1
3512	39.77	20.00	0.32	1
3513	98.18	18.89	0.67	1
3514	98.01	20.00	0.3	1
3515	23.24	0.00	0.39	1
3516	90.64	0.00	0.37	1
3517	23.95	20.00	0.23	1
3518	38.77	15.95	0.48	1
3519	102.11	20.00	0.66	1
3520	88.94	6.84	0.21	1
3521	150.00	0.00	0.27	1
3522	135.49	0.00	0.63	1
3523	150.00	0.00	0.56	1
3524	44.88	9.45	0.63	1
3525	128.95	0.00	0.34	1
3526	145.27	5.77	0.68	1
3527	138.67	1.60	0.49	1
3528	45.75	2.69	0.57	1
3529	90.80	20.00	0.26	1
3530	90.68	3.71	0.32	1
3531	44.57	20.00	0.66	1
3532	110.69	20.00	0.33	1
3533	133.11	17.09	0.26	1
3534	39.06	20.00	0.56	1
3535	59.53	20.00	0.53	1
3536	53.13	11.24	0.56	1
3537	40.70	20.00	0.57	1
3538	113.29	20.00	0.5	1
3539	51.38	20.00	0.5	1
3540	29.36	20.00	0.75	1
3541	89.84	20.00	0.52	1
3542	117.42	20.00	0.57	1
3543	106.71	2.53	0.36	1
3544	27.17	20.00	0.72	1
3545	147.56	10.65	0.21	1
3546	24.33	20.00	0.53	1
3547	91.32	7.41	0.43	1
3548	90.98	20.00	0.56	1
3549	56.55	20.00	0.42	1
3550	50.76	1.17	0.63	1
3551	78.61	0.00	0.21	1
3552	18.46	20.00	0.44	1
3553	60.38	12.14	0.7	1
3554	145.60	20.00	0.35	1
3555	121.03	9.02	0.23	1
3556	84.51	0.00	0.5	1
3557	90.12	20.00	0.79	1
3558	148.48	20.00	0.24	1
3559	150.00	20.00	0.24	1
3560	80.47	20.00	0.56	1
3561	19.16	0.00	0.35	1
3562	75.64	20.00	0.45	1
3563	63.45	1.71	0.7	1
3564	150.00	20.00	0.32	1
3565	23.18	20.00	0.63	1
3566	99.99	11.84	0.5	1
3567	121.73	20.00	0.74	1
3568	57.28	0.00	0.78	1
3569	78.88	0.00	0.49	1
3570	94.83	20.00	0.55	1
3571	29.08	20.00	0.65	1
3572	150.00	4.65	0.39	1
3573	78.59	0.00	0.34	1
3574	140.71	12.41	0.78	1
3575	131.34	8.57	0.46	1
3576	137.38	20.00	0.2	1
3577	150.00	20.00	0.7	1
3578	124.32	0.00	0.56	1
3579	134.99	20.00	0.3	1
3580	97.06	0.27	0.22	1
3581	81.79	5.71	0.37	1
3582	25.23	20.00	0.76	1
3583	34.72	0.00	0.76	1
3584	76.76	4.42	0.39	1
3585	18.69	17.45	0.7	1
3586	150.00	20.00	0.47	1
3587	39.52	10.26	0.59	1
3588	101.29	3.37	0.4	1
3589	132.01	20.00	0.51	1
3590	100.37	10.32	0.38	1
3591	150.00	10.65	0.24	1
3592	33.14	13.05	0.28	1
3593	150.00	0.00	0.37	1
3594	104.65	0.00	0.79	1
3595	100.50	0.00	0.78	1
3596	117.42	20.00	0.7	1
3597	72.67	8.02	0.34	1
3598	48.62	20.00	0.46	1
3599	85.59	5.50	0.46	1
3600	40.04	0.99	0.43	1
3601	71.92	0.00	0.23	1
3602	136.38	0.00	0.52	1
3603	105.50	18.79	0.24	1
3604	150.00	0.00	0.68	1
3605	62.56	14.62	0.61	1
3606	150.00	0.00	0.41	1
3607	81.09	13.37	0.59	1
3608	45.80	13.30	0.34	1
3609	21.54	4.57	0.36	1
3610	130.99	7.65	0.39	1
3611	150.00	0.00	0.68	1
3612	150.00	0.00	0.33	1
3613	105.54	6.70	0.54	1
3614	77.18	20.00	0.32	1
3615	150.00	20.00	0.37	1
3616	76.34	0.00	0.34	1
3617	150.00	19.22	0.59	1
3618	101.98	20.00	0.52	1
3619	114.08	20.00	0.63	1
3620	149.97	20.00	0.33	1
3621	29.63	20.00	0.21	1
3622	116.79	0.00	0.61	1
3623	150.00	11.44	0.27	1
3624	109.47	15.24	0.35	1
3625	66.97	20.00	0.38	1
3626	40.92	13.12	0.65	1
3627	68.07	4.46	0.58	1
3628	130.22	10.61	0.31	1
3629	116.41	20.00	0.56	1
3630	98.02	8.87	0.62	1
3631	33.99	20.00	0.43	1
3632	92.56	20.00	0.35	1
3633	139.53	20.00	0.61	1
3634	96.19	0.00	0.57	1
3635	150.00	20.00	0.25	1
3636	29.36	20.00	0.6	1
3637	150.00	20.00	0.49	1
3638	17.94	20.00	0.65	1
3639	150.00	13.98	0.31	1
3640	150.00	20.00	0.35	1
3641	18.60	20.00	0.53	1
3642	6.35	20.00	0.49	1
3643	133.83	6.57	0.43	1
3644	88.48	0.00	0.65	1
3645	96.24	9.35	0.54	1
3646	35.22	9.88	0.63	1
3647	150.00	20.00	0.29	1
3648	82.21	0.00	0.64	1
3649	105.11	20.00	0.48	1
3650	127.67	15.02	0.22	1
3651	39.94	0.00	0.34	1
3652	31.86	20.00	0.22	1
3653	98.28	0.00	0.47	1
3654	79.85	20.00	0.4	1
3655	150.00	4.54	0.79	1
3656	88.71	0.00	0.72	1
3657	150.00	0.00	0.7	1
3658	51.01	0.00	0.5	1
3659	149.96	20.00	0.68	1
3660	23.73	19.61	0.36	1
3661	97.52	1.45	0.54	1
3662	34.03	0.00	0.44	1
3663	48.54	8.79	0.3	1
3664	85.03	1.62	0.24	1
3665	141.05	0.00	0.53	1
3666	99.96	20.00	0.26	1
3667	144.76	0.00	0.63	1
3668	40.40	11.83	0.75	1
3669	150.00	20.00	0.3	1
3670	150.00	6.22	0.48	1
3671	109.58	4.43	0.64	1
3672	77.11	20.00	0.37	1
3673	115.03	20.00	0.75	1
3674	102.77	17.97	0.73	1
3675	150.00	0.00	0.26	1
3676	150.00	20.00	0.22	1
3677	93.69	20.00	0.79	1
3678	150.00	20.00	0.77	1
3679	99.79	20.00	0.45	1
3680	150.00	0.00	0.23	1
3681	108.49	20.00	0.57	1
3682	150.00	7.18	0.38	1
3683	32.39	19.29	0.76	1
3684	34.94	20.00	0.68	1
3685	150.00	15.03	0.59	1
3686	85.68	3.44	0.37	1
3687	144.35	20.00	0.62	1
3688	32.52	15.34	0.37	1
3689	29.03	20.00	0.22	1
3690	150.00	19.59	0.51	1
3691	39.98	20.00	0.49	1
3692	150.00	0.00	0.66	1
3693	61.26	14.70	0.72	1
3694	39.94	20.00	0.41	1
3695	94.85	20.00	0.47	1
3696	27.13	0.00	0.48	1
3697	150.00	10.99	0.39	1
3698	101.33	0.00	0.65	1
3699	101.33	20.00	0.51	1
3700	141.71	18.10	0.75	1
3701	69.87	14.71	0.59	1
3702	45.96	5.62	0.33	1
3703	150.00	20.00	0.3	1
3704	41.49	3.31	0.42	1
3705	105.63	20.00	0.41	1
3706	95.65	20.00	0.44	1
3707	41.96	20.00	0.31	1
3708	118.80	4.36	0.79	1
3709	91.17	20.00	0.29	1
3710	140.65	20.00	0.59	1
3711	149.79	17.66	0.21	1
3712	150.00	0.00	0.44	1
3713	38.70	0.73	0.39	1
3714	40.90	20.00	0.43	1
3715	150.00	0.00	0.5	1
3716	33.90	20.00	0.56	1
3717	99.84	0.00	0.55	1
3718	51.03	12.34	0.58	1
3719	109.97	20.00	0.71	1
3720	58.18	20.00	0.73	1
3721	107.70	13.32	0.64	1
3722	22.15	20.00	0.25	1
3723	150.00	9.04	0.78	1
3724	150.00	11.53	0.77	1
3725	103.53	20.00	0.63	1
3726	150.00	8.76	0.51	1
3727	25.45	1.06	0.35	1
3728	94.02	19.47	0.65	1
3729	27.68	8.03	0.73	1
3730	102.77	20.00	0.6	1
3731	124.04	0.00	0.58	1
3732	150.00	3.90	0.32	1
3733	23.93	0.00	0.41	1
3734	81.55	20.00	0.63	1
3735	106.90	2.05	0.21	1
3736	120.02	14.87	0.58	1
3737	26.18	20.00	0.66	1
3738	141.93	20.00	0.4	1
3739	150.00	9.73	0.25	1
3740	101.09	11.11	0.69	1
3741	147.91	0.00	0.29	1
3742	144.63	20.00	0.42	1
3743	118.38	0.00	0.62	1
3744	150.00	20.00	0.69	1
3745	32.40	20.00	0.72	1
3746	107.08	10.55	0.52	1
3747	78.79	6.76	0.49	1
3748	150.00	0.00	0.71	1
3749	96.33	0.00	0.54	1
3750	112.03	20.00	0.55	1
3751	79.44	0.00	0.46	1
3752	87.25	0.62	0.42	1
