NAME: INS02
TYPE: REAL
DIMENSION: 80 12
RIDGES: 15
DEPOTS: 2
CROPS: 2050
TASKS: 410

NODE_COORD_SECTION
1	26.67	0.00	0.0	0
2	53.33	0.00	0.0	0
3	0.32	0.40	0.52	1
4	0.84	0.40	0.44	1
5	1.42	0.40	0.71	1
6	2.02	0.40	0.5	1
7	2.61	0.40	0.48	1
8	3.20	0.40	0.49	1
9	3.81	0.40	0.71	1
10	4.34	0.40	0.7	1
11	4.92	0.40	0.44	1
12	5.54	0.40	0.4	1
13	6.15	0.40	0.5	1
14	6.68	0.40	0.54	1
15	7.31	0.40	0.34	1
16	7.86	0.40	0.68	1
17	8.51	0.40	0.49	1
18	9.09	0.40	0.4	1
19	9.61	0.40	0.26	1
20	10.19	0.40	0.34	1
21	10.79	0.40	0.77	1
22	11.36	0.40	0.38	1
23	11.99	0.40	0.3	1
24	12.59	0.40	0.48	1
25	13.16	0.40	0.38	1
26	13.76	0.40	0.22	1
27	14.30	0.40	0.39	1
28	14.86	0.40	0.53	1
29	15.50	0.40	0.53	1
30	16.04	0.40	0.41	1
31	16.66	0.40	0.47	1
32	17.20	0.40	0.78	1
33	17.77	0.40	0.43	1
34	18.44	0.40	0.35	1
35	18.94	0.40	0.35	1
36	19.61	0.40	0.47	1
37	20.19	0.40	0.66	1
38	20.76	0.40	0.32	1
39	21.33	0.40	0.63	1
40	21.91	0.40	0.21	1
41	22.52	0.40	0.45	1
42	23.04	0.40	0.67	1
43	23.65	0.40	0.4	1
44	24.25	0.40	0.54	1
45	24.81	0.40	0.32	1
46	25.39	0.40	0.65	1
47	25.97	0.40	0.23	1
48	26.58	0.40	0.71	1
49	27.19	0.40	0.32	1
50	27.71	0.40	0.72	1
51	28.36	0.40	0.41	1
52	28.92	0.40	0.63	1
53	29.52	0.40	0.39	1
54	30.08	0.40	0.74	1
55	30.68	0.40	0.28	1
56	31.19	0.40	0.31	1
57	31.86	0.40	0.5	1
58	32.36	0.40	0.25	1
59	33.03	0.40	0.32	1
60	33.63	0.40	0.77	1
61	34.14	0.40	0.79	1
62	34.72	0.40	0.43	1
63	35.36	0.40	0.75	1
64	35.89	0.40	0.53	1
65	36.53	0.40	0.36	1
66	37.04	0.40	0.62	1
67	37.63	0.40	0.6	1
68	38.30	0.40	0.79	1
69	38.85	0.40	0.36	1
70	39.45	0.40	0.6	1
71	39.98	0.40	0.23	1
72	40.60	0.40	0.27	1
73	41.18	0.40	0.2	1
74	41.76	0.40	0.8	1
75	42.35	0.40	0.68	1
76	42.93	0.40	0.67	1
77	43.50	0.40	0.51	1
78	44.07	0.40	0.38	1
79	44.70	0.40	0.29	1
80	45.23	0.40	0.37	1
81	45.86	0.40	0.43	1
82	46.40	0.40	0.65	1
83	47.02	0.40	0.52	1
84	47.62	0.40	0.25	1
85	48.15	0.40	0.21	1
86	48.72	0.40	0.26	1
87	49.31	0.40	0.45	1
88	49.94	0.40	0.76	1
89	50.55	0.40	0.58	1
90	51.05	0.40	0.68	1
91	51.70	0.40	0.48	1
92	52.25	0.40	0.42	1
93	52.84	0.40	0.27	1
94	53.47	0.40	0.73	1
95	54.00	0.40	0.67	1
96	54.60	0.40	0.3	1
97	55.13	0.40	0.51	1
98	55.72	0.40	0.49	1
99	56.33	0.40	0.58	1
100	56.89	0.40	0.77	1
101	57.53	0.40	0.55	1
102	58.09	0.40	0.52	1
103	58.69	0.40	0.23	1
104	59.24	0.40	0.24	1
105	59.83	0.40	0.31	1
106	60.45	0.40	0.22	1
107	61.07	0.40	0.65	1
108	61.56	0.40	0.63	1
109	62.23	0.40	0.28	1
110	62.78	0.40	0.7	1
111	63.36	0.40	0.29	1
112	63.94	0.40	0.38	1
113	64.48	0.40	0.35	1
114	65.07	0.40	0.42	1
115	65.70	0.40	0.35	1
116	66.26	0.40	0.49	1
117	66.90	0.40	0.44	1
118	67.44	0.40	0.79	1
119	67.99	0.40	0.23	1
120	68.63	0.40	0.29	1
121	69.18	0.40	0.23	1
122	69.78	0.40	0.58	1
123	70.38	0.40	0.23	1
124	70.99	0.40	0.7	1
125	71.56	0.40	0.51	1
126	72.13	0.40	0.52	1
127	72.72	0.40	0.54	1
128	73.33	0.40	0.3	1
129	73.85	0.40	0.32	1
130	74.40	0.40	0.39	1
131	75.01	0.40	0.56	1
132	75.59	0.40	0.33	1
133	76.22	0.40	0.27	1
134	76.80	0.40	0.78	1
135	77.38	0.40	0.21	1
136	77.91	0.40	0.68	1
137	78.56	0.40	0.67	1
138	79.11	0.40	0.38	1
139	79.72	0.40	0.28	1
140	0.30	1.20	0.29	1
141	0.86	1.20	0.62	1
142	1.42	1.20	0.59	1
143	2.00	1.20	0.67	1
144	2.66	1.20	0.76	1
145	3.25	1.20	0.62	1
146	3.81	1.20	0.29	1
147	4.34	1.20	0.35	1
148	4.95	1.20	0.71	1
149	5.57	1.20	0.33	1
150	6.16	1.20	0.24	1
151	6.68	1.20	0.62	1
152	7.25	1.20	0.44	1
153	7.90	1.20	0.75	1
154	8.45	1.20	0.59	1
155	9.03	1.20	0.25	1
156	9.59	1.20	0.77	1
157	10.22	1.20	0.36	1
158	10.84	1.20	0.4	1
159	11.43	1.20	0.44	1
160	11.98	1.20	0.23	1
161	12.56	1.20	0.5	1
162	13.10	1.20	0.27	1
163	13.73	1.20	0.44	1
164	14.29	1.20	0.41	1
165	14.90	1.20	0.66	1
166	15.46	1.20	0.68	1
167	16.03	1.20	0.29	1
168	16.60	1.20	0.42	1
169	17.21	1.20	0.42	1
170	17.77	1.20	0.29	1
171	18.36	1.20	0.68	1
172	19.03	1.20	0.62	1
173	19.56	1.20	0.31	1
174	20.15	1.20	0.42	1
175	20.77	1.20	0.26	1
176	21.36	1.20	0.58	1
177	21.91	1.20	0.27	1
178	22.51	1.20	0.79	1
179	23.05	1.20	0.67	1
180	23.63	1.20	0.43	1
181	24.22	1.20	0.55	1
182	24.83	1.20	0.75	1
183	25.42	1.20	0.53	1
184	25.97	1.20	0.3	1
185	26.53	1.20	0.43	1
186	27.17	1.20	0.71	1
187	27.70	1.20	0.59	1
188	28.33	1.20	0.59	1
189	28.92	1.20	0.72	1
190	29.51	1.20	0.74	1
191	30.10	1.20	0.75	1
192	30.69	1.20	0.26	1
193	31.24	1.20	0.53	1
194	31.85	1.20	0.64	1
195	32.42	1.20	0.65	1
196	32.96	1.20	0.56	1
197	33.53	1.20	0.3	1
198	34.14	1.20	0.68	1
199	34.74	1.20	0.63	1
200	35.34	1.20	0.25	1
201	35.95	1.20	0.48	1
202	36.47	1.20	0.3	1
203	37.04	1.20	0.4	1
204	37.71	1.20	0.21	1
205	38.21	1.20	0.44	1
206	38.83	1.20	0.53	1
207	39.42	1.20	0.57	1
208	40.00	1.20	0.6	1
209	40.54	1.20	0.7	1
210	41.12	1.20	0.33	1
211	41.71	1.20	0.27	1
212	42.34	1.20	0.71	1
213	42.92	1.20	0.29	1
214	43.48	1.20	0.78	1
215	44.10	1.20	0.71	1
216	44.70	1.20	0.5	1
217	45.21	1.20	0.79	1
218	45.84	1.20	0.26	1
219	46.44	1.20	0.38	1
220	46.98	1.20	0.58	1
221	47.57	1.20	0.41	1
222	48.19	1.20	0.76	1
223	48.80	1.20	0.24	1
224	49.37	1.20	0.53	1
225	49.94	1.20	0.55	1
226	50.53	1.20	0.59	1
227	51.08	1.20	0.35	1
228	51.69	1.20	0.42	1
229	52.26	1.20	0.71	1
230	52.82	1.20	0.32	1
231	53.45	1.20	0.7	1
232	54.02	1.20	0.54	1
233	54.58	1.20	0.66	1
234	55.22	1.20	0.63	1
235	55.72	1.20	0.32	1
236	56.33	1.20	0.54	1
237	56.89	1.20	0.72	1
238	57.54	1.20	0.46	1
239	58.12	1.20	0.78	1
240	58.67	1.20	0.47	1
241	59.29	1.20	0.29	1
242	59.84	1.20	0.43	1
243	60.46	1.20	0.77	1
244	61.02	1.20	0.39	1
245	61.60	1.20	0.72	1
246	62.23	1.20	0.73	1
247	62.75	1.20	0.41	1
248	63.32	1.20	0.25	1
249	63.95	1.20	0.63	1
250	64.57	1.20	0.39	1
251	65.10	1.20	0.67	1
252	65.65	1.20	0.47	1
253	66.26	1.20	0.49	1
254	66.86	1.20	0.67	1
255	67.41	1.20	0.43	1
256	68.05	1.20	0.47	1
257	68.66	1.20	0.43	1
258	69.19	1.20	0.42	1
259	69.77	1.20	0.52	1
260	70.36	1.20	0.69	1
261	70.91	1.20	0.42	1
262	71.57	1.20	0.51	1
263	72.11	1.20	0.6	1
264	72.69	1.20	0.36	1
265	73.30	1.20	0.37	1
266	73.86	1.20	0.76	1
267	74.47	1.20	0.63	1
268	74.99	1.20	0.55	1
269	75.65	1.20	0.59	1
270	76.25	1.20	0.22	1
271	76.80	1.20	0.57	1
272	77.42	1.20	0.51	1
273	77.92	1.20	0.53	1
274	78.54	1.20	0.42	1
275	79.13	1.20	0.25	1
276	79.72	1.20	0.32	1
277	0.28	2.00	0.77	1
278	0.86	2.00	0.45	1
279	1.42	2.00	0.48	1
280	2.03	2.00	0.23	1
281	2.59	2.00	0.22	1
282	3.24	2.00	0.63	1
283	3.77	2.00	0.52	1
284	4.34	2.00	0.51	1
285	4.97	2.00	0.35	1
286	5.56	2.00	0.65	1
287	6.17	2.00	0.3	1
288	6.72	2.00	0.31	1
289	7.28	2.00	0.48	1
290	7.91	2.00	0.37	1
291	8.47	2.00	0.35	1
292	9.01	2.00	0.59	1
293	9.64	2.00	0.59	1
294	10.26	2.00	0.69	1
295	10.79	2.00	0.45	1
296	11.37	2.00	0.24	1
297	11.94	2.00	0.36	1
298	12.52	2.00	0.79	1
299	13.13	2.00	0.56	1
300	13.73	2.00	0.63	1
301	14.26	2.00	0.2	1
302	14.93	2.00	0.51	1
303	15.50	2.00	0.22	1
304	16.07	2.00	0.54	1
305	16.68	2.00	0.75	1
306	17.18	2.00	0.78	1
307	17.81	2.00	0.52	1
308	18.41	2.00	0.47	1
309	19.01	2.00	0.77	1
310	19.59	2.00	0.6	1
311	20.12	2.00	0.24	1
312	20.77	2.00	0.48	1
313	21.28	2.00	0.34	1
314	21.94	2.00	0.48	1
315	22.53	2.00	0.47	1
316	23.03	2.00	0.55	1
317	23.67	2.00	0.41	1
318	24.19	2.00	0.3	1
319	24.81	2.00	0.5	1
320	25.40	2.00	0.7	1
321	25.99	2.00	0.6	1
322	26.61	2.00	0.4	1
323	27.17	2.00	0.76	1
324	27.74	2.00	0.75	1
325	28.35	2.00	0.33	1
326	28.95	2.00	0.22	1
327	29.44	2.00	0.64	1
328	30.12	2.00	0.7	1
329	30.62	2.00	0.78	1
330	31.27	2.00	0.73	1
331	31.80	2.00	0.56	1
332	32.37	2.00	0.52	1
333	32.99	2.00	0.22	1
334	33.59	2.00	0.35	1
335	34.15	2.00	0.48	1
336	34.70	2.00	0.58	1
337	35.34	2.00	0.53	1
338	35.95	2.00	0.65	1
339	36.48	2.00	0.37	1
340	37.05	2.00	0.54	1
341	37.66	2.00	0.25	1
342	38.20	2.00	0.45	1
343	38.86	2.00	0.65	1
344	39.45	2.00	0.62	1
345	40.01	2.00	0.79	1
346	40.57	2.00	0.37	1
347	41.20	2.00	0.5	1
348	41.76	2.00	0.4	1
349	42.37	2.00	0.46	1
350	42.93	2.00	0.71	1
351	43.53	2.00	0.61	1
352	44.10	2.00	0.73	1
353	44.66	2.00	0.32	1
354	45.30	2.00	0.72	1
355	45.84	2.00	0.24	1
356	46.43	2.00	0.73	1
357	46.98	2.00	0.4	1
358	47.60	2.00	0.39	1
359	48.18	2.00	0.51	1
360	48.73	2.00	0.76	1
361	49.30	2.00	0.23	1
362	49.94	2.00	0.41	1
363	50.54	2.00	0.71	1
364	51.10	2.00	0.44	1
365	51.65	2.00	0.32	1
366	52.28	2.00	0.45	1
367	52.80	2.00	0.43	1
368	53.42	2.00	0.75	1
369	53.98	2.00	0.66	1
370	54.57	2.00	0.5	1
371	55.15	2.00	0.79	1
372	55.76	2.00	0.48	1
373	56.31	2.00	0.23	1
374	56.92	2.00	0.36	1
375	57.52	2.00	0.46	1
376	58.10	2.00	0.29	1
377	58.67	2.00	0.77	1
378	59.30	2.00	0.66	1
379	59.82	2.00	0.36	1
380	60.44	2.00	0.55	1
381	60.98	2.00	0.63	1
382	61.56	2.00	0.76	1
383	62.20	2.00	0.73	1
384	62.78	2.00	0.51	1
385	63.40	2.00	0.66	1
386	63.95	2.00	0.54	1
387	64.57	2.00	0.53	1
388	65.06	2.00	0.27	1
389	65.65	2.00	0.28	1
390	66.23	2.00	0.52	1
391	66.83	2.00	0.36	1
392	67.45	2.00	0.21	1
393	68.04	2.00	0.63	1
394	68.57	2.00	0.22	1
395	69.24	2.00	0.56	1
396	69.82	2.00	0.52	1
397	70.34	2.00	0.78	1
398	70.91	2.00	0.49	1
399	71.50	2.00	0.24	1
400	72.08	2.00	0.53	1
401	72.66	2.00	0.7	1
402	73.29	2.00	0.8	1
403	73.84	2.00	0.46	1
404	74.44	2.00	0.39	1
405	75.09	2.00	0.74	1
406	75.64	2.00	0.31	1
407	76.25	2.00	0.57	1
408	76.75	2.00	0.44	1
409	77.36	2.00	0.22	1
410	77.96	2.00	0.41	1
411	78.50	2.00	0.36	1
412	79.07	2.00	0.61	1
413	79.73	2.00	0.77	1
414	0.31	2.80	0.36	1
415	0.87	2.80	0.69	1
416	1.46	2.80	0.23	1
417	2.04	2.80	0.52	1
418	2.58	2.80	0.24	1
419	3.20	2.80	0.76	1
420	3.76	2.80	0.66	1
421	4.34	2.80	0.59	1
422	5.01	2.80	0.69	1
423	5.56	2.80	0.59	1
424	6.15	2.80	0.78	1
425	6.70	2.80	0.63	1
426	7.29	2.80	0.75	1
427	7.86	2.80	0.51	1
428	8.43	2.80	0.27	1
429	9.02	2.80	0.52	1
430	9.66	2.80	0.28	1
431	10.24	2.80	0.56	1
432	10.81	2.80	0.49	1
433	11.38	2.80	0.57	1
434	12.01	2.80	0.21	1
435	12.51	2.80	0.32	1
436	13.12	2.80	0.49	1
437	13.71	2.80	0.77	1
438	14.33	2.80	0.43	1
439	14.94	2.80	0.45	1
440	15.45	2.80	0.63	1
441	16.10	2.80	0.56	1
442	16.68	2.80	0.38	1
443	17.20	2.80	0.45	1
444	17.80	2.80	0.33	1
445	18.39	2.80	0.78	1
446	19.03	2.80	0.28	1
447	19.53	2.80	0.42	1
448	20.18	2.80	0.22	1
449	20.71	2.80	0.33	1
450	21.34	2.80	0.67	1
451	21.89	2.80	0.32	1
452	22.49	2.80	0.25	1
453	23.10	2.80	0.48	1
454	23.68	2.80	0.21	1
455	24.27	2.80	0.25	1
456	24.77	2.80	0.68	1
457	25.42	2.80	0.66	1
458	25.95	2.80	0.75	1
459	26.56	2.80	0.71	1
460	27.16	2.80	0.61	1
461	27.73	2.80	0.23	1
462	28.32	2.80	0.67	1
463	28.95	2.80	0.71	1
464	29.45	2.80	0.68	1
465	30.09	2.80	0.51	1
466	30.65	2.80	0.34	1
467	31.20	2.80	0.71	1
468	31.79	2.80	0.64	1
469	32.45	2.80	0.79	1
470	33.03	2.80	0.29	1
471	33.62	2.80	0.34	1
472	34.21	2.80	0.33	1
473	34.72	2.80	0.68	1
474	35.31	2.80	0.31	1
475	35.93	2.80	0.24	1
476	36.49	2.80	0.8	1
477	37.07	2.80	0.21	1
478	37.65	2.80	0.7	1
479	38.26	2.80	0.42	1
480	38.84	2.80	0.7	1
481	39.38	2.80	0.53	1
482	40.00	2.80	0.74	1
483	40.59	2.80	0.76	1
484	41.17	2.80	0.21	1
485	41.72	2.80	0.25	1
486	42.36	2.80	0.35	1
487	42.87	2.80	0.6	1
488	43.49	2.80	0.73	1
489	44.12	2.80	0.48	1
490	44.68	2.80	0.56	1
491	45.23	2.80	0.31	1
492	45.86	2.80	0.68	1
493	46.43	2.80	0.78	1
494	47.04	2.80	0.36	1
495	47.61	2.80	0.5	1
496	48.19	2.80	0.25	1
497	48.76	2.80	0.54	1
498	49.31	2.80	0.5	1
499	49.90	2.80	0.29	1
500	50.50	2.80	0.47	1
501	51.10	2.80	0.4	1
502	51.68	2.80	0.51	1
503	52.24	2.80	0.55	1
504	52.80	2.80	0.21	1
505	53.43	2.80	0.66	1
506	53.99	2.80	0.63	1
507	54.62	2.80	0.42	1
508	55.13	2.80	0.23	1
509	55.77	2.80	0.65	1
510	56.39	2.80	0.77	1
511	56.90	2.80	0.34	1
512	57.52	2.80	0.39	1
513	58.06	2.80	0.31	1
514	58.70	2.80	0.55	1
515	59.28	2.80	0.29	1
516	59.84	2.80	0.41	1
517	60.44	2.80	0.62	1
518	61.06	2.80	0.54	1
519	61.58	2.80	0.43	1
520	62.14	2.80	0.45	1
521	62.81	2.80	0.54	1
522	63.37	2.80	0.2	1
523	63.98	2.80	0.25	1
524	64.54	2.80	0.73	1
525	65.14	2.80	0.25	1
526	65.69	2.80	0.62	1
527	66.30	2.80	0.75	1
528	66.90	2.80	0.36	1
529	67.45	2.80	0.42	1
530	68.00	2.80	0.54	1
531	68.59	2.80	0.73	1
532	69.17	2.80	0.77	1
533	69.76	2.80	0.64	1
534	70.35	2.80	0.25	1
535	70.95	2.80	0.6	1
536	71.54	2.80	0.45	1
537	72.11	2.80	0.48	1
538	72.71	2.80	0.23	1
539	73.24	2.80	0.31	1
540	73.83	2.80	0.67	1
541	74.42	2.80	0.47	1
542	75.04	2.80	0.38	1
543	75.59	2.80	0.43	1
544	76.18	2.80	0.71	1
545	76.78	2.80	0.65	1
546	77.40	2.80	0.36	1
547	77.91	2.80	0.27	1
548	78.56	2.80	0.35	1
549	79.14	2.80	0.75	1
550	79.74	2.80	0.55	1
551	0.34	3.60	0.52	1
552	0.83	3.60	0.56	1
553	1.43	3.60	0.42	1
554	2.08	3.60	0.68	1
555	2.62	3.60	0.51	1
556	3.22	3.60	0.27	1
557	3.81	3.60	0.28	1
558	4.40	3.60	0.52	1
559	5.01	3.60	0.76	1
560	5.60	3.60	0.39	1
561	6.15	3.60	0.72	1
562	6.69	3.60	0.66	1
563	7.34	3.60	0.35	1
564	7.84	3.60	0.22	1
565	8.44	3.60	0.26	1
566	9.09	3.60	0.64	1
567	9.61	3.60	0.32	1
568	10.19	3.60	0.42	1
569	10.77	3.60	0.5	1
570	11.42	3.60	0.64	1
571	11.97	3.60	0.27	1
572	12.57	3.60	0.44	1
573	13.11	3.60	0.49	1
574	13.75	3.60	0.52	1
575	14.33	3.60	0.69	1
576	14.87	3.60	0.3	1
577	15.47	3.60	0.68	1
578	16.03	3.60	0.62	1
579	16.69	3.60	0.53	1
580	17.24	3.60	0.62	1
581	17.85	3.60	0.45	1
582	18.37	3.60	0.28	1
583	19.01	3.60	0.6	1
584	19.59	3.60	0.51	1
585	20.17	3.60	0.58	1
586	20.78	3.60	0.4	1
587	21.30	3.60	0.74	1
588	21.86	3.60	0.55	1
589	22.50	3.60	0.25	1
590	23.09	3.60	0.47	1
591	23.66	3.60	0.65	1
592	24.20	3.60	0.68	1
593	24.82	3.60	0.5	1
594	25.38	3.60	0.74	1
595	25.98	3.60	0.36	1
596	26.58	3.60	0.45	1
597	27.18	3.60	0.74	1
598	27.71	3.60	0.74	1
599	28.31	3.60	0.61	1
600	28.88	3.60	0.72	1
601	29.46	3.60	0.25	1
602	30.10	3.60	0.72	1
603	30.70	3.60	0.39	1
604	31.23	3.60	0.31	1
605	31.85	3.60	0.34	1
606	32.45	3.60	0.45	1
607	33.03	3.60	0.35	1
608	33.54	3.60	0.39	1
609	34.21	3.60	0.28	1
610	34.73	3.60	0.38	1
611	35.31	3.60	0.54	1
612	35.87	3.60	0.47	1
613	36.49	3.60	0.41	1
614	37.04	3.60	0.65	1
615	37.64	3.60	0.74	1
616	38.23	3.60	0.65	1
617	38.86	3.60	0.4	1
618	39.45	3.60	0.65	1
619	39.98	3.60	0.29	1
620	40.62	3.60	0.28	1
621	41.20	3.60	0.41	1
622	41.78	3.60	0.68	1
623	42.30	3.60	0.35	1
624	42.94	3.60	0.24	1
625	43.55	3.60	0.28	1
626	44.11	3.60	0.72	1
627	44.65	3.60	0.58	1
628	45.26	3.60	0.35	1
629	45.85	3.60	0.53	1
630	46.42	3.60	0.52	1
631	46.97	3.60	0.59	1
632	47.57	3.60	0.34	1
633	48.21	3.60	0.72	1
634	48.80	3.60	0.39	1
635	49.31	3.60	0.62	1
636	49.97	3.60	0.21	1
637	50.49	3.60	0.42	1
638	51.11	3.60	0.41	1
639	51.70	3.60	0.53	1
640	52.29	3.60	0.24	1
641	52.89	3.60	0.67	1
642	53.41	3.60	0.33	1
643	54.05	3.60	0.61	1
644	54.56	3.60	0.68	1
645	55.20	3.60	0.54	1
646	55.79	3.60	0.64	1
647	56.37	3.60	0.6	1
648	56.91	3.60	0.41	1
649	57.56	3.60	0.69	1
650	58.07	3.60	0.38	1
651	58.64	3.60	0.54	1
652	59.29	3.60	0.65	1
653	59.85	3.60	0.43	1
654	60.47	3.60	0.38	1
655	61.01	3.60	0.48	1
656	61.57	3.60	0.69	1
657	62.22	3.60	0.76	1
658	62.78	3.60	0.53	1
659	63.33	3.60	0.6	1
660	63.96	3.60	0.74	1
661	64.53	3.60	0.26	1
662	65.12	3.60	0.34	1
663	65.69	3.60	0.63	1
664	66.31	3.60	0.69	1
665	66.89	3.60	0.71	1
666	67.47	3.60	0.45	1
667	67.99	3.60	0.25	1
668	68.65	3.60	0.46	1
669	69.21	3.60	0.34	1
670	69.80	3.60	0.37	1
671	70.35	3.60	0.66	1
672	70.99	3.60	0.25	1
673	71.56	3.60	0.7	1
674	72.08	3.60	0.46	1
675	72.69	3.60	0.56	1
676	73.32	3.60	0.25	1
677	73.82	3.60	0.4	1
678	74.50	3.60	0.25	1
679	75.05	3.60	0.78	1
680	75.63	3.60	0.68	1
681	76.18	3.60	0.48	1
682	76.76	3.60	0.33	1
683	77.42	3.60	0.76	1
684	77.94	3.60	0.41	1
685	78.57	3.60	0.3	1
686	79.11	3.60	0.54	1
687	79.67	3.60	0.77	1
688	0.24	4.40	0.2	1
689	0.88	4.40	0.34	1
690	1.51	4.40	0.76	1
691	2.03	4.40	0.3	1
692	2.61	4.40	0.27	1
693	3.20	4.40	0.54	1
694	3.80	4.40	0.72	1
695	4.37	4.40	0.49	1
696	5.00	4.40	0.8	1
697	5.55	4.40	0.61	1
698	6.13	4.40	0.24	1
699	6.68	4.40	0.8	1
700	7.35	4.40	0.44	1
701	7.86	4.40	0.37	1
702	8.42	4.40	0.53	1
703	9.07	4.40	0.38	1
704	9.64	4.40	0.25	1
705	10.21	4.40	0.2	1
706	10.80	4.40	0.47	1
707	11.42	4.40	0.7	1
708	11.94	4.40	0.54	1
709	12.59	4.40	0.8	1
710	13.15	4.40	0.37	1
711	13.71	4.40	0.37	1
712	14.30	4.40	0.3	1
713	14.87	4.40	0.3	1
714	15.50	4.40	0.37	1
715	16.06	4.40	0.68	1
716	16.62	4.40	0.74	1
717	17.24	4.40	0.79	1
718	17.86	4.40	0.34	1
719	18.39	4.40	0.73	1
720	19.02	4.40	0.4	1
721	19.55	4.40	0.27	1
722	20.10	4.40	0.72	1
723	20.70	4.40	0.58	1
724	21.31	4.40	0.3	1
725	21.87	4.40	0.46	1
726	22.43	4.40	0.37	1
727	23.11	4.40	0.64	1
728	23.68	4.40	0.47	1
729	24.26	4.40	0.79	1
730	24.78	4.40	0.23	1
731	25.36	4.40	0.41	1
732	25.94	4.40	0.49	1
733	26.59	4.40	0.5	1
734	27.20	4.40	0.39	1
735	27.73	4.40	0.64	1
736	28.28	4.40	0.72	1
737	28.91	4.40	0.76	1
738	29.47	4.40	0.68	1
739	30.06	4.40	0.71	1
740	30.67	4.40	0.53	1
741	31.26	4.40	0.7	1
742	31.79	4.40	0.38	1
743	32.36	4.40	0.44	1
744	33.04	4.40	0.39	1
745	33.55	4.40	0.48	1
746	34.12	4.40	0.37	1
747	34.71	4.40	0.78	1
748	35.28	4.40	0.39	1
749	35.90	4.40	0.26	1
750	36.53	4.40	0.52	1
751	37.06	4.40	0.23	1
752	37.66	4.40	0.27	1
753	38.27	4.40	0.33	1
754	38.83	4.40	0.48	1
755	39.45	4.40	0.46	1
756	40.04	4.40	0.68	1
757	40.53	4.40	0.64	1
758	41.20	4.40	0.46	1
759	41.75	4.40	0.4	1
760	42.38	4.40	0.39	1
761	42.92	4.40	0.66	1
762	43.55	4.40	0.23	1
763	44.11	4.40	0.21	1
764	44.65	4.40	0.68	1
765	45.26	4.40	0.49	1
766	45.89	4.40	0.28	1
767	46.46	4.40	0.34	1
768	46.97	4.40	0.76	1
769	47.61	4.40	0.72	1
770	48.16	4.40	0.63	1
771	48.71	4.40	0.49	1
772	49.33	4.40	0.51	1
773	49.90	4.40	0.79	1
774	50.54	4.40	0.78	1
775	51.08	4.40	0.33	1
776	51.71	4.40	0.69	1
777	52.21	4.40	0.32	1
778	52.83	4.40	0.33	1
779	53.40	4.40	0.61	1
780	53.99	4.40	0.44	1
781	54.56	4.40	0.76	1
782	55.15	4.40	0.25	1
783	55.77	4.40	0.51	1
784	56.33	4.40	0.75	1
785	56.93	4.40	0.74	1
786	57.51	4.40	0.29	1
787	58.14	4.40	0.42	1
788	58.73	4.40	0.57	1
789	59.27	4.40	0.3	1
790	59.84	4.40	0.78	1
791	60.40	4.40	0.75	1
792	61.07	4.40	0.3	1
793	61.56	4.40	0.27	1
794	62.17	4.40	0.25	1
795	62.75	4.40	0.75	1
796	63.34	4.40	0.32	1
797	63.91	4.40	0.45	1
798	64.55	4.40	0.47	1
799	65.07	4.40	0.56	1
800	65.71	4.40	0.24	1
801	66.24	4.40	0.34	1
802	66.82	4.40	0.76	1
803	67.49	4.40	0.75	1
804	68.00	4.40	0.67	1
805	68.65	4.40	0.21	1
806	69.20	4.40	0.4	1
807	69.74	4.40	0.58	1
808	70.41	4.40	0.37	1
809	70.92	4.40	0.75	1
810	71.57	4.40	0.58	1
811	72.08	4.40	0.24	1
812	72.74	4.40	0.75	1
813	73.24	4.40	0.77	1
814	73.87	4.40	0.25	1
815	74.48	4.40	0.52	1
816	75.08	4.40	0.38	1
817	75.66	4.40	0.44	1
818	76.24	4.40	0.31	1
819	76.83	4.40	0.55	1
820	77.34	4.40	0.77	1
821	77.93	4.40	0.5	1
822	78.52	4.40	0.25	1
823	79.11	4.40	0.57	1
824	79.70	4.40	0.4	1
825	0.30	5.20	0.71	1
826	0.84	5.20	0.46	1
827	1.48	5.20	0.32	1
828	2.01	5.20	0.31	1
829	2.61	5.20	0.66	1
830	3.21	5.20	0.36	1
831	3.83	5.20	0.66	1
832	4.40	5.20	0.32	1
833	4.98	5.20	0.39	1
834	5.51	5.20	0.48	1
835	6.14	5.20	0.77	1
836	6.67	5.20	0.76	1
837	7.29	5.20	0.32	1
838	7.87	5.20	0.41	1
839	8.42	5.20	0.29	1
840	9.03	5.20	0.51	1
841	9.68	5.20	0.48	1
842	10.26	5.20	0.74	1
843	10.79	5.20	0.76	1
844	11.34	5.20	0.43	1
845	11.94	5.20	0.5	1
846	12.54	5.20	0.74	1
847	13.18	5.20	0.68	1
848	13.69	5.20	0.2	1
849	14.33	5.20	0.39	1
850	14.85	5.20	0.45	1
851	15.52	5.20	0.34	1
852	16.05	5.20	0.32	1
853	16.67	5.20	0.22	1
854	17.21	5.20	0.59	1
855	17.82	5.20	0.36	1
856	18.36	5.20	0.23	1
857	18.94	5.20	0.34	1
858	19.61	5.20	0.68	1
859	20.19	5.20	0.71	1
860	20.77	5.20	0.49	1
861	21.33	5.20	0.45	1
862	21.93	5.20	0.79	1
863	22.44	5.20	0.32	1
864	23.05	5.20	0.33	1
865	23.63	5.20	0.38	1
866	24.25	5.20	0.3	1
867	24.80	5.20	0.43	1
868	25.37	5.20	0.75	1
869	26.00	5.20	0.57	1
870	26.60	5.20	0.45	1
871	27.14	5.20	0.76	1
872	27.70	5.20	0.23	1
873	28.29	5.20	0.33	1
874	28.88	5.20	0.54	1
875	29.47	5.20	0.57	1
876	30.09	5.20	0.22	1
877	30.67	5.20	0.44	1
878	31.26	5.20	0.59	1
879	31.81	5.20	0.62	1
880	32.44	5.20	0.58	1
881	32.96	5.20	0.39	1
882	33.57	5.20	0.26	1
883	34.19	5.20	0.46	1
884	34.71	5.20	0.28	1
885	35.29	5.20	0.77	1
886	35.95	5.20	0.49	1
887	36.48	5.20	0.39	1
888	37.10	5.20	0.66	1
889	37.62	5.20	0.5	1
890	38.27	5.20	0.39	1
891	38.81	5.20	0.69	1
892	39.37	5.20	0.72	1
893	40.01	5.20	0.6	1
894	40.56	5.20	0.23	1
895	41.16	5.20	0.54	1
896	41.71	5.20	0.66	1
897	42.30	5.20	0.28	1
898	42.90	5.20	0.34	1
899	43.46	5.20	0.73	1
900	44.13	5.20	0.21	1
901	44.62	5.20	0.65	1
902	45.25	5.20	0.48	1
903	45.80	5.20	0.47	1
904	46.40	5.20	0.2	1
905	47.05	5.20	0.69	1
906	47.56	5.20	0.42	1
907	48.22	5.20	0.52	1
908	48.73	5.20	0.61	1
909	49.37	5.20	0.62	1
910	49.93	5.20	0.77	1
911	50.55	5.20	0.52	1
912	51.10	5.20	0.44	1
913	51.68	5.20	0.77	1
914	52.23	5.20	0.59	1
915	52.81	5.20	0.38	1
916	53.47	5.20	0.28	1
917	54.00	5.20	0.71	1
918	54.59	5.20	0.42	1
919	55.21	5.20	0.6	1
920	55.75	5.20	0.48	1
921	56.40	5.20	0.32	1
922	56.96	5.20	0.56	1
923	57.53	5.20	0.24	1
924	58.14	5.20	0.45	1
925	58.64	5.20	0.53	1
926	59.25	5.20	0.46	1
927	59.85	5.20	0.65	1
928	60.41	5.20	0.7	1
929	61.05	5.20	0.66	1
930	61.65	5.20	0.22	1
931	62.18	5.20	0.32	1
932	62.76	5.20	0.52	1
933	63.40	5.20	0.76	1
934	63.94	5.20	0.7	1
935	64.52	5.20	0.71	1
936	65.09	5.20	0.38	1
937	65.73	5.20	0.46	1
938	66.28	5.20	0.48	1
939	66.89	5.20	0.29	1
940	67.48	5.20	0.22	1
941	68.01	5.20	0.77	1
942	68.61	5.20	0.34	1
943	69.23	5.20	0.34	1
944	69.77	5.20	0.25	1
945	70.39	5.20	0.76	1
946	70.99	5.20	0.55	1
947	71.55	5.20	0.6	1
948	72.14	5.20	0.75	1
949	72.73	5.20	0.41	1
950	73.32	5.20	0.57	1
951	73.86	5.20	0.22	1
952	74.41	5.20	0.31	1
953	75.03	5.20	0.7	1
954	75.64	5.20	0.66	1
955	76.20	5.20	0.41	1
956	76.81	5.20	0.43	1
957	77.36	5.20	0.52	1
958	77.97	5.20	0.2	1
959	78.51	5.20	0.34	1
960	79.15	5.20	0.32	1
961	79.71	5.20	0.35	1
962	0.26	6.00	0.68	1
963	0.86	6.00	0.37	1
964	1.48	6.00	0.31	1
965	2.04	6.00	0.5	1
966	2.60	6.00	0.72	1
967	3.26	6.00	0.34	1
968	3.82	6.00	0.25	1
969	4.43	6.00	0.41	1
970	4.96	6.00	0.65	1
971	5.54	6.00	0.53	1
972	6.17	6.00	0.69	1
973	6.72	6.00	0.78	1
974	7.32	6.00	0.68	1
975	7.86	6.00	0.56	1
976	8.46	6.00	0.5	1
977	9.01	6.00	0.22	1
978	9.61	6.00	0.79	1
979	10.17	6.00	0.43	1
980	10.76	6.00	0.29	1
981	11.43	6.00	0.6	1
982	11.95	6.00	0.37	1
983	12.57	6.00	0.55	1
984	13.17	6.00	0.55	1
985	13.73	6.00	0.47	1
986	14.27	6.00	0.7	1
987	14.91	6.00	0.36	1
988	15.48	6.00	0.47	1
989	16.08	6.00	0.52	1
990	16.67	6.00	0.6	1
991	17.27	6.00	0.67	1
992	17.82	6.00	0.44	1
993	18.38	6.00	0.59	1
994	18.99	6.00	0.29	1
995	19.52	6.00	0.76	1
996	20.19	6.00	0.43	1
997	20.69	6.00	0.64	1
998	21.30	6.00	0.21	1
999	21.93	6.00	0.32	1
1000	22.49	6.00	0.49	1
1001	23.06	6.00	0.73	1
1002	23.65	6.00	0.52	1
1003	24.27	6.00	0.76	1
1004	24.80	6.00	0.49	1
1005	25.44	6.00	0.49	1
1006	25.94	6.00	0.27	1
1007	26.60	6.00	0.68	1
1008	27.19	6.00	0.35	1
1009	27.71	6.00	0.74	1
1010	28.31	6.00	0.75	1
1011	28.87	6.00	0.77	1
1012	29.51	6.00	0.51	1
1013	30.08	6.00	0.61	1
1014	30.67	6.00	0.67	1
1015	31.21	6.00	0.28	1
1016	31.80	6.00	0.56	1
1017	32.36	6.00	0.22	1
1018	32.97	6.00	0.5	1
1019	33.58	6.00	0.29	1
1020	34.20	6.00	0.31	1
1021	34.76	6.00	0.42	1
1022	35.32	6.00	0.46	1
1023	35.96	6.00	0.57	1
1024	36.52	6.00	0.24	1
1025	37.12	6.00	0.5	1
1026	37.67	6.00	0.31	1
1027	38.22	6.00	0.54	1
1028	38.79	6.00	0.58	1
1029	39.44	6.00	0.53	1
1030	39.96	6.00	0.64	1
1031	40.56	6.00	0.4	1
1032	41.17	6.00	0.66	1
1033	41.76	6.00	0.46	1
1034	42.35	6.00	0.49	1
1035	42.89	6.00	0.59	1
1036	43.49	6.00	0.21	1
1037	44.10	6.00	0.59	1
1038	44.72	6.00	0.57	1
1039	45.28	6.00	0.39	1
1040	45.88	6.00	0.25	1
1041	46.45	6.00	0.25	1
1042	47.02	6.00	0.75	1
1043	47.56	6.00	0.61	1
1044	48.19	6.00	0.28	1
1045	48.77	6.00	0.41	1
1046	49.35	6.00	0.56	1
1047	49.93	6.00	0.7	1
1048	50.51	6.00	0.23	1
1049	51.08	6.00	0.34	1
1050	51.68	6.00	0.73	1
1051	52.23	6.00	0.21	1
1052	52.88	6.00	0.32	1
1053	53.40	6.00	0.78	1
1054	53.97	6.00	0.57	1
1055	54.59	6.00	0.36	1
1056	55.20	6.00	0.24	1
1057	55.76	6.00	0.22	1
1058	56.33	6.00	0.35	1
1059	56.94	6.00	0.73	1
1060	57.50	6.00	0.45	1
1061	58.15	6.00	0.63	1
1062	58.73	6.00	0.75	1
1063	59.27	6.00	0.44	1
1064	59.84	6.00	0.31	1
1065	60.46	6.00	0.51	1
1066	60.98	6.00	0.74	1
1067	61.60	6.00	0.68	1
1068	62.17	6.00	0.24	1
1069	62.82	6.00	0.62	1
1070	63.31	6.00	0.54	1
1071	63.95	6.00	0.74	1
1072	64.55	6.00	0.27	1
1073	65.11	6.00	0.52	1
1074	65.65	6.00	0.73	1
1075	66.32	6.00	0.45	1
1076	66.86	6.00	0.49	1
1077	67.46	6.00	0.24	1
1078	68.00	6.00	0.37	1
1079	68.61	6.00	0.39	1
1080	69.19	6.00	0.77	1
1081	69.74	6.00	0.37	1
1082	70.33	6.00	0.48	1
1083	70.98	6.00	0.6	1
1084	71.51	6.00	0.3	1
1085	72.09	6.00	0.49	1
1086	72.70	6.00	0.64	1
1087	73.31	6.00	0.72	1
1088	73.82	6.00	0.58	1
1089	74.46	6.00	0.6	1
1090	75.00	6.00	0.28	1
1091	75.57	6.00	0.77	1
1092	76.16	6.00	0.28	1
1093	76.82	6.00	0.66	1
1094	77.33	6.00	0.36	1
1095	77.91	6.00	0.76	1
1096	78.53	6.00	0.63	1
1097	79.16	6.00	0.65	1
1098	79.68	6.00	0.33	1
1099	0.28	6.80	0.47	1
1100	0.83	6.80	0.57	1
1101	1.45	6.80	0.66	1
1102	2.05	6.80	0.26	1
1103	2.63	6.80	0.78	1
1104	3.19	6.80	0.73	1
1105	3.78	6.80	0.36	1
1106	4.34	6.80	0.69	1
1107	4.95	6.80	0.51	1
1108	5.51	6.80	0.48	1
1109	6.16	6.80	0.39	1
1110	6.76	6.80	0.55	1
1111	7.35	6.80	0.64	1
1112	7.92	6.80	0.45	1
1113	8.48	6.80	0.58	1
1114	9.07	6.80	0.62	1
1115	9.61	6.80	0.63	1
1116	10.23	6.80	0.23	1
1117	10.80	6.80	0.72	1
1118	11.39	6.80	0.47	1
1119	12.00	6.80	0.36	1
1120	12.53	6.80	0.35	1
1121	13.12	6.80	0.49	1
1122	13.77	6.80	0.73	1
1123	14.26	6.80	0.43	1
1124	14.89	6.80	0.65	1
1125	15.52	6.80	0.26	1
1126	16.07	6.80	0.49	1
1127	16.65	6.80	0.8	1
1128	17.20	6.80	0.66	1
1129	17.79	6.80	0.33	1
1130	18.43	6.80	0.5	1
1131	18.98	6.80	0.34	1
1132	19.56	6.80	0.45	1
1133	20.11	6.80	0.67	1
1134	20.68	6.80	0.66	1
1135	21.36	6.80	0.34	1
1136	21.89	6.80	0.75	1
1137	22.49	6.80	0.56	1
1138	23.02	6.80	0.43	1
1139	23.67	6.80	0.5	1
1140	24.28	6.80	0.56	1
1141	24.83	6.80	0.54	1
1142	25.36	6.80	0.49	1
1143	25.99	6.80	0.5	1
1144	26.60	6.80	0.31	1
1145	27.14	6.80	0.69	1
1146	27.78	6.80	0.53	1
1147	28.34	6.80	0.28	1
1148	28.95	6.80	0.66	1
1149	29.50	6.80	0.76	1
1150	30.04	6.80	0.77	1
1151	30.64	6.80	0.42	1
1152	31.21	6.80	0.28	1
1153	31.87	6.80	0.51	1
1154	32.43	6.80	0.27	1
1155	33.01	6.80	0.76	1
1156	33.56	6.80	0.31	1
1157	34.13	6.80	0.35	1
1158	34.77	6.80	0.44	1
1159	35.33	6.80	0.43	1
1160	35.88	6.80	0.68	1
1161	36.51	6.80	0.47	1
1162	37.03	6.80	0.3	1
1163	37.65	6.80	0.36	1
1164	38.25	6.80	0.51	1
1165	38.80	6.80	0.29	1
1166	39.46	6.80	0.57	1
1167	39.97	6.80	0.54	1
1168	40.55	6.80	0.63	1
1169	41.14	6.80	0.76	1
1170	41.78	6.80	0.75	1
1171	42.33	6.80	0.77	1
1172	42.93	6.80	0.35	1
1173	43.46	6.80	0.28	1
1174	44.04	6.80	0.38	1
1175	44.67	6.80	0.74	1
1176	45.29	6.80	0.78	1
1177	45.88	6.80	0.72	1
1178	46.38	6.80	0.27	1
1179	47.01	6.80	0.77	1
1180	47.63	6.80	0.45	1
1181	48.16	6.80	0.21	1
1182	48.79	6.80	0.47	1
1183	49.31	6.80	0.23	1
1184	49.97	6.80	0.53	1
1185	50.54	6.80	0.4	1
1186	51.14	6.80	0.48	1
1187	51.70	6.80	0.57	1
1188	52.25	6.80	0.72	1
1189	52.89	6.80	0.6	1
1190	53.41	6.80	0.46	1
1191	54.00	6.80	0.69	1
1192	54.62	6.80	0.74	1
1193	55.21	6.80	0.27	1
1194	55.81	6.80	0.52	1
1195	56.32	6.80	0.37	1
1196	56.96	6.80	0.23	1
1197	57.54	6.80	0.6	1
1198	58.06	6.80	0.72	1
1199	58.67	6.80	0.3	1
1200	59.25	6.80	0.69	1
1201	59.83	6.80	0.71	1
1202	60.49	6.80	0.75	1
1203	61.04	6.80	0.36	1
1204	61.63	6.80	0.74	1
1205	62.24	6.80	0.39	1
1206	62.76	6.80	0.53	1
1207	63.39	6.80	0.23	1
1208	63.94	6.80	0.23	1
1209	64.56	6.80	0.63	1
1210	65.08	6.80	0.47	1
1211	65.74	6.80	0.35	1
1212	66.25	6.80	0.31	1
1213	66.84	6.80	0.6	1
1214	67.47	6.80	0.2	1
1215	68.02	6.80	0.68	1
1216	68.62	6.80	0.25	1
1217	69.19	6.80	0.31	1
1218	69.81	6.80	0.43	1
1219	70.34	6.80	0.49	1
1220	70.90	6.80	0.41	1
1221	71.51	6.80	0.39	1
1222	72.11	6.80	0.78	1
1223	72.67	6.80	0.58	1
1224	73.27	6.80	0.21	1
1225	73.86	6.80	0.46	1
1226	74.41	6.80	0.73	1
1227	75.04	6.80	0.38	1
1228	75.66	6.80	0.26	1
1229	76.17	6.80	0.66	1
1230	76.80	6.80	0.56	1
1231	77.39	6.80	0.54	1
1232	77.95	6.80	0.23	1
1233	78.56	6.80	0.28	1
1234	79.12	6.80	0.57	1
1235	79.71	6.80	0.32	1
1236	0.24	7.60	0.5	1
1237	0.90	7.60	0.53	1
1238	1.48	7.60	0.37	1
1239	2.00	7.60	0.77	1
1240	2.61	7.60	0.71	1
1241	3.26	7.60	0.63	1
1242	3.79	7.60	0.25	1
1243	4.38	7.60	0.26	1
1244	5.00	7.60	0.5	1
1245	5.57	7.60	0.3	1
1246	6.14	7.60	0.79	1
1247	6.75	7.60	0.3	1
1248	7.34	7.60	0.49	1
1249	7.88	7.60	0.42	1
1250	8.46	7.60	0.58	1
1251	9.04	7.60	0.28	1
1252	9.68	7.60	0.46	1
1253	10.24	7.60	0.36	1
1254	10.76	7.60	0.73	1
1255	11.42	7.60	0.22	1
1256	11.97	7.60	0.75	1
1257	12.51	7.60	0.7	1
1258	13.14	7.60	0.38	1
1259	13.71	7.60	0.67	1
1260	14.34	7.60	0.22	1
1261	14.86	7.60	0.78	1
1262	15.51	7.60	0.52	1
1263	16.06	7.60	0.38	1
1264	16.60	7.60	0.42	1
1265	17.27	7.60	0.24	1
1266	17.81	7.60	0.79	1
1267	18.37	7.60	0.22	1
1268	18.98	7.60	0.59	1
1269	19.60	7.60	0.47	1
1270	20.13	7.60	0.77	1
1271	20.70	7.60	0.35	1
1272	21.28	7.60	0.52	1
1273	21.88	7.60	0.49	1
1274	22.51	7.60	0.62	1
1275	23.06	7.60	0.24	1
1276	23.62	7.60	0.32	1
1277	24.20	7.60	0.33	1
1278	24.80	7.60	0.64	1
1279	25.45	7.60	0.31	1
1280	25.97	7.60	0.54	1
1281	26.62	7.60	0.33	1
1282	27.15	7.60	0.72	1
1283	27.71	7.60	0.77	1
1284	28.36	7.60	0.51	1
1285	28.90	7.60	0.41	1
1286	29.51	7.60	0.34	1
1287	30.12	7.60	0.23	1
1288	30.61	7.60	0.36	1
1289	31.20	7.60	0.59	1
1290	31.85	7.60	0.52	1
1291	32.39	7.60	0.77	1
1292	32.96	7.60	0.44	1
1293	33.53	7.60	0.62	1
1294	34.11	7.60	0.49	1
1295	34.77	7.60	0.51	1
1296	35.29	7.60	0.36	1
1297	35.91	7.60	0.47	1
1298	36.51	7.60	0.48	1
1299	37.07	7.60	0.62	1
1300	37.62	7.60	0.76	1
1301	38.28	7.60	0.4	1
1302	38.78	7.60	0.23	1
1303	39.44	7.60	0.5	1
1304	40.04	7.60	0.53	1
1305	40.58	7.60	0.3	1
1306	41.17	7.60	0.66	1
1307	41.75	7.60	0.79	1
1308	42.32	7.60	0.77	1
1309	42.96	7.60	0.32	1
1310	43.54	7.60	0.73	1
1311	44.07	7.60	0.62	1
1312	44.68	7.60	0.47	1
1313	45.30	7.60	0.52	1
1314	45.89	7.60	0.71	1
1315	46.42	7.60	0.49	1
1316	47.00	7.60	0.42	1
1317	47.57	7.60	0.5	1
1318	48.22	7.60	0.55	1
1319	48.72	7.60	0.31	1
1320	49.35	7.60	0.74	1
1321	49.91	7.60	0.6	1
1322	50.49	7.60	0.58	1
1323	51.09	7.60	0.26	1
1324	51.73	7.60	0.56	1
1325	52.22	7.60	0.27	1
1326	52.85	7.60	0.25	1
1327	53.39	7.60	0.52	1
1328	53.98	7.60	0.44	1
1329	54.59	7.60	0.55	1
1330	55.18	7.60	0.25	1
1331	55.74	7.60	0.46	1
1332	56.33	7.60	0.3	1
1333	56.89	7.60	0.79	1
1334	57.50	7.60	0.54	1
1335	58.15	7.60	0.61	1
1336	58.73	7.60	0.4	1
1337	59.25	7.60	0.26	1
1338	59.86	7.60	0.79	1
1339	60.48	7.60	0.37	1
1340	60.97	7.60	0.45	1
1341	61.64	7.60	0.59	1
1342	62.23	7.60	0.21	1
1343	62.73	7.60	0.69	1
1344	63.32	7.60	0.52	1
1345	63.99	7.60	0.37	1
1346	64.53	7.60	0.24	1
1347	65.06	7.60	0.3	1
1348	65.67	7.60	0.74	1
1349	66.27	7.60	0.61	1
1350	66.88	7.60	0.35	1
1351	67.47	7.60	0.24	1
1352	68.08	7.60	0.61	1
1353	68.59	7.60	0.54	1
1354	69.20	7.60	0.44	1
1355	69.78	7.60	0.42	1
1356	70.36	7.60	0.33	1
1357	70.92	7.60	0.6	1
1358	71.58	7.60	0.78	1
1359	72.15	7.60	0.31	1
1360	72.70	7.60	0.56	1
1361	73.29	7.60	0.45	1
1362	73.84	7.60	0.47	1
1363	74.46	7.60	0.35	1
1364	75.06	7.60	0.7	1
1365	75.62	7.60	0.49	1
1366	76.25	7.60	0.53	1
1367	76.80	7.60	0.38	1
1368	77.36	7.60	0.31	1
1369	77.98	7.60	0.25	1
1370	78.51	7.60	0.63	1
1371	79.11	7.60	0.32	1
1372	79.69	7.60	0.61	1
1373	0.29	8.40	0.43	1
1374	0.90	8.40	0.45	1
1375	1.46	8.40	0.48	1
1376	2.07	8.40	0.42	1
1377	2.64	8.40	0.26	1
1378	3.20	8.40	0.39	1
1379	3.83	8.40	0.6	1
1380	4.35	8.40	0.6	1
1381	4.94	8.40	0.37	1
1382	5.55	8.40	0.48	1
1383	6.11	8.40	0.32	1
1384	6.67	8.40	0.33	1
1385	7.31	8.40	0.21	1
1386	7.88	8.40	0.74	1
1387	8.46	8.40	0.33	1
1388	9.10	8.40	0.34	1
1389	9.64	8.40	0.37	1
1390	10.26	8.40	0.28	1
1391	10.77	8.40	0.58	1
1392	11.39	8.40	0.25	1
1393	12.01	8.40	0.28	1
1394	12.56	8.40	0.59	1
1395	13.16	8.40	0.4	1
1396	13.71	8.40	0.62	1
1397	14.27	8.40	0.53	1
1398	14.89	8.40	0.35	1
1399	15.46	8.40	0.59	1
1400	16.10	8.40	0.27	1
1401	16.62	8.40	0.52	1
1402	17.27	8.40	0.46	1
1403	17.86	8.40	0.36	1
1404	18.37	8.40	0.56	1
1405	18.96	8.40	0.72	1
1406	19.60	8.40	0.8	1
1407	20.19	8.40	0.56	1
1408	20.72	8.40	0.44	1
1409	21.30	8.40	0.34	1
1410	21.90	8.40	0.35	1
1411	22.50	8.40	0.49	1
1412	23.04	8.40	0.42	1
1413	23.67	8.40	0.75	1
1414	24.19	8.40	0.42	1
1415	24.77	8.40	0.42	1
1416	25.39	8.40	0.43	1
1417	25.97	8.40	0.7	1
1418	26.55	8.40	0.59	1
1419	27.15	8.40	0.57	1
1420	27.72	8.40	0.4	1
1421	28.29	8.40	0.69	1
1422	28.89	8.40	0.22	1
1423	29.54	8.40	0.72	1
1424	30.06	8.40	0.51	1
1425	30.65	8.40	0.44	1
1426	31.25	8.40	0.5	1
1427	31.87	8.40	0.6	1
1428	32.38	8.40	0.21	1
1429	33.01	8.40	0.72	1
1430	33.60	8.40	0.47	1
1431	34.17	8.40	0.41	1
1432	34.70	8.40	0.28	1
1433	35.35	8.40	0.46	1
1434	35.87	8.40	0.5	1
1435	36.51	8.40	0.44	1
1436	37.10	8.40	0.61	1
1437	37.64	8.40	0.45	1
1438	38.28	8.40	0.78	1
1439	38.79	8.40	0.56	1
1440	39.45	8.40	0.68	1
1441	40.00	8.40	0.27	1
1442	40.56	8.40	0.44	1
1443	41.13	8.40	0.4	1
1444	41.80	8.40	0.54	1
1445	42.29	8.40	0.72	1
1446	42.89	8.40	0.25	1
1447	43.49	8.40	0.24	1
1448	44.10	8.40	0.71	1
1449	44.68	8.40	0.33	1
1450	45.22	8.40	0.6	1
1451	45.82	8.40	0.53	1
1452	46.40	8.40	0.7	1
1453	46.98	8.40	0.28	1
1454	47.58	8.40	0.28	1
1455	48.20	8.40	0.53	1
1456	48.73	8.40	0.77	1
1457	49.33	8.40	0.45	1
1458	49.92	8.40	0.4	1
1459	50.56	8.40	0.56	1
1460	51.14	8.40	0.76	1
1461	51.71	8.40	0.7	1
1462	52.24	8.40	0.8	1
1463	52.80	8.40	0.21	1
1464	53.41	8.40	0.27	1
1465	53.99	8.40	0.57	1
1466	54.60	8.40	0.69	1
1467	55.21	8.40	0.37	1
1468	55.80	8.40	0.34	1
1469	56.38	8.40	0.67	1
1470	56.92	8.40	0.23	1
1471	57.54	8.40	0.42	1
1472	58.08	8.40	0.5	1
1473	58.64	8.40	0.54	1
1474	59.29	8.40	0.64	1
1475	59.80	8.40	0.41	1
1476	60.43	8.40	0.57	1
1477	61.00	8.40	0.55	1
1478	61.63	8.40	0.53	1
1479	62.22	8.40	0.58	1
1480	62.75	8.40	0.36	1
1481	63.39	8.40	0.25	1
1482	63.92	8.40	0.27	1
1483	64.52	8.40	0.33	1
1484	65.13	8.40	0.5	1
1485	65.71	8.40	0.7	1
1486	66.33	8.40	0.62	1
1487	66.83	8.40	0.67	1
1488	67.46	8.40	0.41	1
1489	68.04	8.40	0.44	1
1490	68.65	8.40	0.44	1
1491	69.16	8.40	0.32	1
1492	69.81	8.40	0.24	1
1493	70.37	8.40	0.55	1
1494	70.93	8.40	0.79	1
1495	71.53	8.40	0.3	1
1496	72.10	8.40	0.23	1
1497	72.71	8.40	0.67	1
1498	73.32	8.40	0.35	1
1499	73.88	8.40	0.7	1
1500	74.47	8.40	0.62	1
1501	75.04	8.40	0.77	1
1502	75.58	8.40	0.45	1
1503	76.18	8.40	0.6	1
1504	76.79	8.40	0.48	1
1505	77.35	8.40	0.58	1
1506	77.92	8.40	0.47	1
1507	78.54	8.40	0.31	1
1508	79.11	8.40	0.5	1
1509	79.68	8.40	0.52	1
1510	0.29	9.20	0.69	1
1511	0.84	9.20	0.64	1
1512	1.50	9.20	0.6	1
1513	2.08	9.20	0.27	1
1514	2.65	9.20	0.63	1
1515	3.17	9.20	0.5	1
1516	3.82	9.20	0.74	1
1517	4.41	9.20	0.75	1
1518	4.99	9.20	0.23	1
1519	5.51	9.20	0.69	1
1520	6.15	9.20	0.22	1
1521	6.75	9.20	0.42	1
1522	7.31	9.20	0.53	1
1523	7.90	9.20	0.29	1
1524	8.46	9.20	0.65	1
1525	9.05	9.20	0.21	1
1526	9.59	9.20	0.3	1
1527	10.23	9.20	0.55	1
1528	10.76	9.20	0.63	1
1529	11.38	9.20	0.75	1
1530	11.95	9.20	0.62	1
1531	12.56	9.20	0.6	1
1532	13.10	9.20	0.44	1
1533	13.74	9.20	0.2	1
1534	14.34	9.20	0.27	1
1535	14.86	9.20	0.52	1
1536	15.43	9.20	0.61	1
1537	16.02	9.20	0.45	1
1538	16.68	9.20	0.64	1
1539	17.23	9.20	0.51	1
1540	17.81	9.20	0.24	1
1541	18.35	9.20	0.32	1
1542	18.99	9.20	0.7	1
1543	19.60	9.20	0.63	1
1544	20.18	9.20	0.74	1
1545	20.74	9.20	0.27	1
1546	21.27	9.20	0.79	1
1547	21.86	9.20	0.33	1
1548	22.44	9.20	0.21	1
1549	23.04	9.20	0.8	1
1550	23.61	9.20	0.37	1
1551	24.21	9.20	0.6	1
1552	24.81	9.20	0.31	1
1553	25.45	9.20	0.55	1
1554	26.00	9.20	0.74	1
1555	26.60	9.20	0.39	1
1556	27.17	9.20	0.6	1
1557	27.70	9.20	0.31	1
1558	28.34	9.20	0.57	1
1559	28.88	9.20	0.4	1
1560	29.50	9.20	0.33	1
1561	30.06	9.20	0.39	1
1562	30.71	9.20	0.31	1
1563	31.22	9.20	0.74	1
1564	31.80	9.20	0.44	1
1565	32.45	9.20	0.35	1
1566	32.95	9.20	0.47	1
1567	33.60	9.20	0.39	1
1568	34.18	9.20	0.65	1
1569	34.78	9.20	0.78	1
1570	35.38	9.20	0.46	1
1571	35.96	9.20	0.72	1
1572	36.45	9.20	0.54	1
1573	37.11	9.20	0.29	1
1574	37.68	9.20	0.61	1
1575	38.26	9.20	0.51	1
1576	38.79	9.20	0.59	1
1577	39.43	9.20	0.73	1
1578	40.05	9.20	0.46	1
1579	40.63	9.20	0.74	1
1580	41.16	9.20	0.65	1
1581	41.71	9.20	0.49	1
1582	42.32	9.20	0.56	1
1583	42.95	9.20	0.4	1
1584	43.52	9.20	0.79	1
1585	44.08	9.20	0.6	1
1586	44.63	9.20	0.23	1
1587	45.25	9.20	0.4	1
1588	45.84	9.20	0.57	1
1589	46.47	9.20	0.23	1
1590	47.02	9.20	0.21	1
1591	47.57	9.20	0.47	1
1592	48.18	9.20	0.4	1
1593	48.72	9.20	0.46	1
1594	49.39	9.20	0.36	1
1595	49.91	9.20	0.3	1
1596	50.51	9.20	0.61	1
1597	51.08	9.20	0.51	1
1598	51.70	9.20	0.32	1
1599	52.28	9.20	0.39	1
1600	52.87	9.20	0.56	1
1601	53.41	9.20	0.24	1
1602	54.00	9.20	0.29	1
1603	54.56	9.20	0.24	1
1604	55.20	9.20	0.69	1
1605	55.72	9.20	0.65	1
1606	56.36	9.20	0.65	1
1607	56.97	9.20	0.63	1
1608	57.56	9.20	0.6	1
1609	58.10	9.20	0.49	1
1610	58.68	9.20	0.59	1
1611	59.23	9.20	0.22	1
1612	59.87	9.20	0.57	1
1613	60.47	9.20	0.67	1
1614	61.00	9.20	0.5	1
1615	61.60	9.20	0.41	1
1616	62.22	9.20	0.37	1
1617	62.81	9.20	0.59	1
1618	63.33	9.20	0.62	1
1619	63.95	9.20	0.72	1
1620	64.49	9.20	0.41	1
1621	65.07	9.20	0.66	1
1622	65.73	9.20	0.54	1
1623	66.31	9.20	0.73	1
1624	66.89	9.20	0.52	1
1625	67.40	9.20	0.51	1
1626	68.06	9.20	0.55	1
1627	68.61	9.20	0.65	1
1628	69.18	9.20	0.78	1
1629	69.79	9.20	0.24	1
1630	70.32	9.20	0.23	1
1631	70.97	9.20	0.76	1
1632	71.54	9.20	0.52	1
1633	72.09	9.20	0.57	1
1634	72.67	9.20	0.49	1
1635	73.25	9.20	0.26	1
1636	73.82	9.20	0.66	1
1637	74.46	9.20	0.65	1
1638	75.07	9.20	0.39	1
1639	75.57	9.20	0.38	1
1640	76.16	9.20	0.7	1
1641	76.80	9.20	0.24	1
1642	77.40	9.20	0.73	1
1643	77.94	9.20	0.35	1
1644	78.53	9.20	0.56	1
1645	79.13	9.20	0.76	1
1646	79.69	9.20	0.61	1
1647	0.24	10.00	0.45	1
1648	0.90	10.00	0.61	1
1649	1.47	10.00	0.41	1
1650	2.05	10.00	0.37	1
1651	2.65	10.00	0.8	1
1652	3.23	10.00	0.65	1
1653	3.77	10.00	0.59	1
1654	4.36	10.00	0.41	1
1655	4.93	10.00	0.23	1
1656	5.51	10.00	0.22	1
1657	6.15	10.00	0.53	1
1658	6.75	10.00	0.66	1
1659	7.35	10.00	0.52	1
1660	7.90	10.00	0.7	1
1661	8.44	10.00	0.22	1
1662	9.01	10.00	0.42	1
1663	9.67	10.00	0.34	1
1664	10.23	10.00	0.47	1
1665	10.81	10.00	0.24	1
1666	11.42	10.00	0.77	1
1667	11.99	10.00	0.33	1
1668	12.59	10.00	0.75	1
1669	13.09	10.00	0.46	1
1670	13.75	10.00	0.79	1
1671	14.34	10.00	0.53	1
1672	14.87	10.00	0.76	1
1673	15.49	10.00	0.2	1
1674	16.04	10.00	0.65	1
1675	16.69	10.00	0.74	1
1676	17.18	10.00	0.28	1
1677	17.82	10.00	0.26	1
1678	18.36	10.00	0.45	1
1679	19.00	10.00	0.76	1
1680	19.53	10.00	0.53	1
1681	20.12	10.00	0.52	1
1682	20.73	10.00	0.28	1
1683	21.36	10.00	0.2	1
1684	21.87	10.00	0.69	1
1685	22.45	10.00	0.25	1
1686	23.09	10.00	0.58	1
1687	23.65	10.00	0.75	1
1688	24.27	10.00	0.33	1
1689	24.78	10.00	0.6	1
1690	25.42	10.00	0.25	1
1691	25.96	10.00	0.56	1
1692	26.54	10.00	0.3	1
1693	27.17	10.00	0.64	1
1694	27.75	10.00	0.38	1
1695	28.35	10.00	0.48	1
1696	28.89	10.00	0.56	1
1697	29.48	10.00	0.3	1
1698	30.06	10.00	0.64	1
1699	30.71	10.00	0.38	1
1700	31.22	10.00	0.6	1
1701	31.80	10.00	0.29	1
1702	32.39	10.00	0.61	1
1703	33.00	10.00	0.28	1
1704	33.55	10.00	0.46	1
1705	34.20	10.00	0.35	1
1706	34.72	10.00	0.65	1
1707	35.37	10.00	0.36	1
1708	35.87	10.00	0.73	1
1709	36.51	10.00	0.74	1
1710	37.12	10.00	0.32	1
1711	37.63	10.00	0.57	1
1712	38.30	10.00	0.25	1
1713	38.83	10.00	0.43	1
1714	39.46	10.00	0.63	1
1715	40.02	10.00	0.6	1
1716	40.56	10.00	0.57	1
1717	41.14	10.00	0.37	1
1718	41.73	10.00	0.43	1
1719	42.30	10.00	0.26	1
1720	42.88	10.00	0.63	1
1721	43.46	10.00	0.5	1
1722	44.08	10.00	0.63	1
1723	44.70	10.00	0.35	1
1724	45.22	10.00	0.39	1
1725	45.80	10.00	0.4	1
1726	46.44	10.00	0.22	1
1727	46.98	10.00	0.4	1
1728	47.55	10.00	0.68	1
1729	48.14	10.00	0.74	1
1730	48.80	10.00	0.51	1
1731	49.38	10.00	0.47	1
1732	49.91	10.00	0.22	1
1733	50.53	10.00	0.73	1
1734	51.10	10.00	0.21	1
1735	51.70	10.00	0.77	1
1736	52.28	10.00	0.49	1
1737	52.86	10.00	0.41	1
1738	53.41	10.00	0.75	1
1739	53.97	10.00	0.21	1
1740	54.59	10.00	0.55	1
1741	55.22	10.00	0.53	1
1742	55.77	10.00	0.33	1
1743	56.38	10.00	0.46	1
1744	56.98	10.00	0.59	1
1745	57.48	10.00	0.64	1
1746	58.12	10.00	0.2	1
1747	58.70	10.00	0.76	1
1748	59.32	10.00	0.3	1
1749	59.90	10.00	0.34	1
1750	60.46	10.00	0.36	1
1751	61.00	10.00	0.22	1
1752	61.64	10.00	0.27	1
1753	62.15	10.00	0.79	1
1754	62.80	10.00	0.39	1
1755	63.40	10.00	0.27	1
1756	63.93	10.00	0.26	1
1757	64.54	10.00	0.63	1
1758	65.10	10.00	0.71	1
1759	65.69	10.00	0.35	1
1760	66.26	10.00	0.21	1
1761	66.89	10.00	0.33	1
1762	67.49	10.00	0.23	1
1763	68.07	10.00	0.26	1
1764	68.58	10.00	0.46	1
1765	69.23	10.00	0.34	1
1766	69.80	10.00	0.51	1
1767	70.34	10.00	0.35	1
1768	70.91	10.00	0.76	1
1769	71.51	10.00	0.74	1
1770	72.16	10.00	0.54	1
1771	72.71	10.00	0.41	1
1772	73.31	10.00	0.43	1
1773	73.84	10.00	0.45	1
1774	74.47	10.00	0.64	1
1775	74.99	10.00	0.47	1
1776	75.61	10.00	0.71	1
1777	76.22	10.00	0.77	1
1778	76.75	10.00	0.4	1
1779	77.40	10.00	0.54	1
1780	77.93	10.00	0.26	1
1781	78.56	10.00	0.32	1
1782	79.11	10.00	0.45	1
1783	79.72	10.00	0.32	1
1784	0.25	10.80	0.73	1
1785	0.83	10.80	0.29	1
1786	1.50	10.80	0.47	1
1787	2.02	10.80	0.56	1
1788	2.66	10.80	0.62	1
1789	3.26	10.80	0.43	1
1790	3.77	10.80	0.72	1
1791	4.36	10.80	0.54	1
1792	4.98	10.80	0.46	1
1793	5.59	10.80	0.24	1
1794	6.17	10.80	0.48	1
1795	6.72	10.80	0.69	1
1796	7.33	10.80	0.57	1
1797	7.85	10.80	0.7	1
1798	8.51	10.80	0.5	1
1799	9.10	10.80	0.27	1
1800	9.60	10.80	0.21	1
1801	10.20	10.80	0.38	1
1802	10.76	10.80	0.62	1
1803	11.36	10.80	0.67	1
1804	12.00	10.80	0.38	1
1805	12.54	10.80	0.5	1
1806	13.10	10.80	0.45	1
1807	13.71	10.80	0.45	1
1808	14.35	10.80	0.34	1
1809	14.90	10.80	0.28	1
1810	15.47	10.80	0.32	1
1811	16.03	10.80	0.23	1
1812	16.69	10.80	0.32	1
1813	17.26	10.80	0.21	1
1814	17.79	10.80	0.58	1
1815	18.35	10.80	0.39	1
1816	18.93	10.80	0.78	1
1817	19.52	10.80	0.32	1
1818	20.15	10.80	0.41	1
1819	20.77	10.80	0.41	1
1820	21.31	10.80	0.21	1
1821	21.93	10.80	0.7	1
1822	22.48	10.80	0.22	1
1823	23.09	10.80	0.76	1
1824	23.67	10.80	0.74	1
1825	24.20	10.80	0.52	1
1826	24.80	10.80	0.53	1
1827	25.42	10.80	0.59	1
1828	25.94	10.80	0.43	1
1829	26.56	10.80	0.59	1
1830	27.16	10.80	0.23	1
1831	27.79	10.80	0.23	1
1832	28.32	10.80	0.47	1
1833	28.94	10.80	0.53	1
1834	29.48	10.80	0.73	1
1835	30.10	10.80	0.26	1
1836	30.67	10.80	0.69	1
1837	31.28	10.80	0.33	1
1838	31.82	10.80	0.44	1
1839	32.42	10.80	0.39	1
1840	33.01	10.80	0.44	1
1841	33.57	10.80	0.29	1
1842	34.13	10.80	0.5	1
1843	34.70	10.80	0.68	1
1844	35.28	10.80	0.46	1
1845	35.95	10.80	0.49	1
1846	36.47	10.80	0.71	1
1847	37.05	10.80	0.62	1
1848	37.69	10.80	0.49	1
1849	38.23	10.80	0.35	1
1850	38.83	10.80	0.73	1
1851	39.38	10.80	0.55	1
1852	40.05	10.80	0.33	1
1853	40.62	10.80	0.36	1
1854	41.20	10.80	0.68	1
1855	41.74	10.80	0.23	1
1856	42.36	10.80	0.8	1
1857	42.88	10.80	0.28	1
1858	43.45	10.80	0.68	1
1859	44.04	10.80	0.44	1
1860	44.68	10.80	0.5	1
1861	45.25	10.80	0.73	1
1862	45.84	10.80	0.45	1
1863	46.37	10.80	0.52	1
1864	47.00	10.80	0.23	1
1865	47.61	10.80	0.2	1
1866	48.17	10.80	0.35	1
1867	48.78	10.80	0.61	1
1868	49.32	10.80	0.27	1
1869	49.96	10.80	0.27	1
1870	50.52	10.80	0.45	1
1871	51.07	10.80	0.59	1
1872	51.65	10.80	0.63	1
1873	52.28	10.80	0.31	1
1874	52.88	10.80	0.25	1
1875	53.42	10.80	0.76	1
1876	53.99	10.80	0.36	1
1877	54.64	10.80	0.71	1
1878	55.20	10.80	0.72	1
1879	55.76	10.80	0.66	1
1880	56.35	10.80	0.3	1
1881	56.90	10.80	0.69	1
1882	57.53	10.80	0.66	1
1883	58.09	10.80	0.56	1
1884	58.74	10.80	0.4	1
1885	59.27	10.80	0.36	1
1886	59.85	10.80	0.27	1
1887	60.44	10.80	0.51	1
1888	61.06	10.80	0.55	1
1889	61.64	10.80	0.42	1
1890	62.18	10.80	0.49	1
1891	62.80	10.80	0.42	1
1892	63.37	10.80	0.58	1
1893	63.94	10.80	0.74	1
1894	64.49	10.80	0.3	1
1895	65.11	10.80	0.43	1
1896	65.67	10.80	0.28	1
1897	66.32	10.80	0.57	1
1898	66.84	10.80	0.64	1
1899	67.49	10.80	0.76	1
1900	68.03	10.80	0.37	1
1901	68.63	10.80	0.77	1
1902	69.20	10.80	0.24	1
1903	69.74	10.80	0.56	1
1904	70.35	10.80	0.23	1
1905	70.91	10.80	0.74	1
1906	71.55	10.80	0.52	1
1907	72.11	10.80	0.6	1
1908	72.73	10.80	0.7	1
1909	73.26	10.80	0.29	1
1910	73.84	10.80	0.22	1
1911	74.44	10.80	0.73	1
1912	75.08	10.80	0.39	1
1913	75.64	10.80	0.28	1
1914	76.20	10.80	0.48	1
1915	76.79	10.80	0.56	1
1916	77.33	10.80	0.22	1
1917	78.00	10.80	0.36	1
1918	78.56	10.80	0.22	1
1919	79.10	10.80	0.45	1
1920	79.72	10.80	0.74	1
1921	0.25	11.60	0.79	1
1922	0.92	11.60	0.58	1
1923	1.43	11.60	0.3	1
1924	2.06	11.60	0.74	1
1925	2.60	11.60	0.51	1
1926	3.23	11.60	0.29	1
1927	3.82	11.60	0.75	1
1928	4.40	11.60	0.65	1
1929	4.97	11.60	0.64	1
1930	5.59	11.60	0.63	1
1931	6.09	11.60	0.32	1
1932	6.70	11.60	0.33	1
1933	7.27	11.60	0.61	1
1934	7.93	11.60	0.33	1
1935	8.46	11.60	0.46	1
1936	9.07	11.60	0.67	1
1937	9.65	11.60	0.67	1
1938	10.19	11.60	0.47	1
1939	10.78	11.60	0.68	1
1940	11.36	11.60	0.7	1
1941	11.96	11.60	0.59	1
1942	12.53	11.60	0.34	1
1943	13.09	11.60	0.36	1
1944	13.76	11.60	0.39	1
1945	14.35	11.60	0.27	1
1946	14.87	11.60	0.36	1
1947	15.46	11.60	0.33	1
1948	16.01	11.60	0.47	1
1949	16.66	11.60	0.75	1
1950	17.26	11.60	0.26	1
1951	17.77	11.60	0.63	1
1952	18.36	11.60	0.61	1
1953	19.01	11.60	0.26	1
1954	19.57	11.60	0.75	1
1955	20.10	11.60	0.54	1
1956	20.74	11.60	0.42	1
1957	21.29	11.60	0.65	1
1958	21.88	11.60	0.35	1
1959	22.51	11.60	0.62	1
1960	23.10	11.60	0.22	1
1961	23.64	11.60	0.7	1
1962	24.28	11.60	0.47	1
1963	24.81	11.60	0.58	1
1964	25.43	11.60	0.33	1
1965	25.98	11.60	0.61	1
1966	26.61	11.60	0.66	1
1967	27.19	11.60	0.48	1
1968	27.70	11.60	0.57	1
1969	28.36	11.60	0.47	1
1970	28.94	11.60	0.74	1
1971	29.52	11.60	0.5	1
1972	30.04	11.60	0.71	1
1973	30.69	11.60	0.68	1
1974	31.28	11.60	0.45	1
1975	31.80	11.60	0.34	1
1976	32.45	11.60	0.44	1
1977	32.95	11.60	0.7	1
1978	33.54	11.60	0.34	1
1979	34.16	11.60	0.51	1
1980	34.75	11.60	0.68	1
1981	35.34	11.60	0.41	1
1982	35.86	11.60	0.59	1
1983	36.54	11.60	0.35	1
1984	37.03	11.60	0.27	1
1985	37.63	11.60	0.68	1
1986	38.20	11.60	0.26	1
1987	38.84	11.60	0.36	1
1988	39.46	11.60	0.71	1
1989	40.02	11.60	0.41	1
1990	40.62	11.60	0.78	1
1991	41.12	11.60	0.79	1
1992	41.76	11.60	0.36	1
1993	42.33	11.60	0.22	1
1994	42.92	11.60	0.62	1
1995	43.46	11.60	0.47	1
1996	44.11	11.60	0.26	1
1997	44.67	11.60	0.62	1
1998	45.28	11.60	0.22	1
1999	45.84	11.60	0.72	1
2000	46.39	11.60	0.28	1
2001	47.02	11.60	0.28	1
2002	47.56	11.60	0.31	1
2003	48.21	11.60	0.78	1
2004	48.77	11.60	0.62	1
2005	49.31	11.60	0.68	1
2006	49.97	11.60	0.44	1
2007	50.51	11.60	0.4	1
2008	51.05	11.60	0.34	1
2009	51.69	11.60	0.49	1
2010	52.24	11.60	0.53	1
2011	52.88	11.60	0.58	1
2012	53.46	11.60	0.35	1
2013	54.06	11.60	0.77	1
2014	54.60	11.60	0.3	1
2015	55.18	11.60	0.78	1
2016	55.79	11.60	0.21	1
2017	56.31	11.60	0.49	1
2018	56.94	11.60	0.4	1
2019	57.52	11.60	0.47	1
2020	58.06	11.60	0.54	1
2021	58.68	11.60	0.46	1
2022	59.31	11.60	0.45	1
2023	59.89	11.60	0.64	1
2024	60.40	11.60	0.61	1
2025	60.98	11.60	0.7	1
2026	61.58	11.60	0.35	1
2027	62.23	11.60	0.57	1
2028	62.74	11.60	0.55	1
2029	63.38	11.60	0.42	1
2030	63.90	11.60	0.49	1
2031	64.54	11.60	0.39	1
2032	65.10	11.60	0.29	1
2033	65.72	11.60	0.33	1
2034	66.25	11.60	0.26	1
2035	66.88	11.60	0.61	1
2036	67.42	11.60	0.6	1
2037	68.05	11.60	0.77	1
2038	68.65	11.60	0.64	1
2039	69.16	11.60	0.23	1
2040	69.82	11.60	0.73	1
2041	70.37	11.60	0.72	1
2042	70.91	11.60	0.47	1
2043	71.53	11.60	0.55	1
2044	72.08	11.60	0.79	1
2045	72.72	11.60	0.52	1
2046	73.31	11.60	0.74	1
2047	73.83	11.60	0.25	1
2048	74.45	11.60	0.31	1
2049	75.07	11.60	0.46	1
2050	75.66	11.60	0.55	1
2051	76.21	11.60	0.69	1
2052	76.83	11.60	0.79	1
